-1.265569776296615601e-01 2.530348002910614014e-01 2.989427745342254639e-01 6.445960700511932373e-02 7.849965989589691162e-02 1.036700829863548279e-01 -2.590685524046421051e-02 2.040730118751525879e-01 -9.976197034120559692e-02 -1.837343871593475342e-01 -2.803159654140472412e-01 -6.408197432756423950e-02 -6.823169440031051636e-02 7.781291846185922623e-03 8.155305683612823486e-02 5.226170420646667480e-01 3.248630166053771973e-01 2.079339623451232910e-01 1.137132123112678528e-01 2.057165503501892090e-01 1.258961707353591919e-01 -3.633362948894500732e-01 -2.806169539690017700e-02 -6.037581339478492737e-02
-1.695053651928901672e-02 -3.289234936237335205e-01 -1.445497572422027588e-02 -2.916236221790313721e-01 7.812735438346862793e-02 5.179286599159240723e-01 3.084578514099121094e-01 -1.432002037763595581e-01 1.011622548103332520e-01 -2.310664206743240356e-02 -1.270669978111982346e-02 4.789415746927261353e-02 -1.615277528762817383e-01 9.448958188295364380e-02 7.227034866809844971e-02 -2.038906216621398926e-01 4.180501773953437805e-02 3.357198089361190796e-02 4.132505357265472412e-01 1.338279396295547485e-01 6.103646010160446167e-02 -1.653160750865936279e-01 1.404308378696441650e-01 -2.808717489242553711e-01
-4.650167003273963928e-02 2.461872249841690063e-01 -1.020460482686758041e-02 -1.075093150138854980e-01 8.924097567796707153e-02 -6.115142256021499634e-02 3.606227040290832520e-02 -4.678685367107391357e-01 -2.802189588546752930e-01 -1.404486000537872314e-01 -1.875322312116622925e-01 -6.472276151180267334e-02 2.001948654651641846e-02 -1.313758641481399536e-01 2.073454707860946655e-01 1.559464782476425171e-01 -7.216792553663253784e-02 -4.118729829788208008e-01 -4.092937335371971130e-02 -2.595089375972747803e-01 -2.206204235553741455e-01 -3.664859384298324585e-02 2.607211768627166748e-01 -3.304917216300964355e-01
-1.560277342796325684e-01 1.327768713235855103e-01 1.568743376992642879e-03 -3.506621122360229492e-01 2.195721119642257690e-01 -1.026500090956687927e-01 2.503512799739837646e-01 1.183339282870292664e-01 -3.395958244800567627e-02 2.639394104480743408e-01 -2.721828222274780273e-01 3.765898048877716064e-01 7.621782273054122925e-02 1.403463184833526611e-01 4.184227809309959412e-02 -4.929818958044052124e-02 3.117011189460754395e-01 -1.194376274943351746e-01 -1.857429444789886475e-01 2.910317182540893555e-01 -1.460994631052017212e-01 3.593159019947052002e-01 -1.362984348088502884e-02 4.429549351334571838e-02
2.902382016181945801e-01 1.105242744088172913e-01 -2.625625133514404297e-01 1.667740195989608765e-01 7.695527374744415283e-02 -3.636976182460784912e-01 1.554654389619827271e-01 -1.040203422307968140e-01 3.411733508110046387e-01 1.241943314671516418e-01 1.565143615007400513e-01 1.089020073413848877e-02 9.115850925445556641e-02 4.528342932462692261e-02 2.528192996978759766e-01 1.752306967973709106e-01 2.221354097127914429e-01 -3.762711212038993835e-02 5.007733106613159180e-01 5.414630100131034851e-02 -2.178190052509307861e-01 -5.201863870024681091e-02 -1.316449493169784546e-01 -1.535930763930082321e-02
1.441252678632736206e-01 1.275828182697296143e-01 -3.721877634525299072e-01 -8.896745741367340088e-02 -3.036713004112243652e-01 2.603030204772949219e-01 -2.172566503286361694e-01 1.272954698652029037e-02 1.242984272539615631e-02 3.711115568876266479e-02 8.338945358991622925e-02 1.263948529958724976e-01 -2.219499647617340088e-01 3.665154799818992615e-02 2.307435721158981323e-01 1.016261503100395203e-01 2.847690284252166748e-01 -3.367144614458084106e-03 -1.057902127504348755e-01 -4.845941066741943359e-02 2.539109066128730774e-02 -1.883676461875438690e-02 4.865214228630065918e-01 3.717407286167144775e-01
-1.156355068087577820e-01 9.347229264676570892e-03 -5.075060725212097168e-01 9.738094359636306763e-02 -1.126167830079793930e-02 1.825947463512420654e-01 2.687632143497467041e-01 3.829389214515686035e-01 1.154456287622451782e-01 3.032881580293178558e-02 -2.484733909368515015e-01 -1.935700625181198120e-01 -1.679056435823440552e-01 -2.174015045166015625e-01 1.373637318611145020e-01 3.923474252223968506e-02 -4.204979049973189831e-04 -1.935431361198425293e-02 -2.262824177742004395e-01 -2.688103020191192627e-01 -6.766556203365325928e-02 -1.522791199386119843e-02 -2.901863157749176025e-01 -2.120757699012756348e-01
3.633668720722198486e-01 -6.102373078465461731e-02 -1.480306982994079590e-01 -1.692840158939361572e-01 -1.954014003276824951e-01 5.306896939873695374e-02 -2.414016872644424438e-01 1.416677087545394897e-01 1.455160826444625854e-01 5.326043069362640381e-02 -3.080219924449920654e-01 2.319534309208393097e-02 3.801802694797515869e-01 -1.236306503415107727e-01 -8.204693347215652466e-02 9.839951246976852417e-02 -2.070618867874145508e-01 -3.763270676136016846e-01 -6.403098814189434052e-03 3.452971279621124268e-01 2.356071770191192627e-01 -1.358339786529541016e-01 -1.349113788455724716e-02 -1.440609991550445557e-01
-3.687297999858856201e-01 -1.334887444972991943e-01 -3.787839412689208984e-02 -3.064251840114593506e-01 9.415342658758163452e-02 3.502883389592170715e-02 -4.022275507450103760e-01 -1.414585951715707779e-02 2.125972658395767212e-01 1.434544920921325684e-01 9.584806859493255615e-02 -1.903028041124343872e-02 -1.841612905263900757e-02 -3.088683784008026123e-01 -3.511354029178619385e-01 2.286927551031112671e-01 2.359427958726882935e-01 -1.615261733531951904e-01 2.562267780303955078e-01 -2.554998099803924561e-01 -3.769905120134353638e-02 9.091468155384063721e-02 -9.591643512248992920e-02 2.385761588811874390e-02
-4.497504979372024536e-02 -3.918189108371734619e-01 -1.945704966783523560e-01 8.325253427028656006e-02 5.361097306013107300e-02 -3.146501183509826660e-01 8.206187747418880463e-03 4.940468817949295044e-02 -2.566103637218475342e-01 2.392167001962661743e-01 -9.006335586309432983e-02 -2.932685911655426025e-01 -9.506543725728988647e-02 -1.385238617658615112e-01 -7.011085748672485352e-02 2.052922546863555908e-01 -3.369711339473724365e-02 2.625904679298400879e-01 4.339005425572395325e-02 2.538403272628784180e-01 2.333799190819263458e-02 1.958469897508621216e-01 4.354061484336853027e-01 -1.947186589241027832e-01
-4.121139049530029297e-01 2.717876434326171875e-01 4.394121095538139343e-02 2.018166184425354004e-01 1.995917707681655884e-01 9.789294004440307617e-02 -1.183587163686752319e-01 1.534073352813720703e-01 1.866775751113891602e-01 3.525402247905731201e-01 1.174921840429306030e-01 -2.922104597091674805e-01 -4.483766853809356689e-02 1.198127344250679016e-01 1.603698581457138062e-01 -1.799279898405075073e-01 -2.357848733663558960e-01 -2.966592013835906982e-01 5.237175151705741882e-02 2.617677748203277588e-01 -4.420517385005950928e-02 -1.689941287040710449e-01 2.090611308813095093e-01 6.929442286491394043e-02
-1.681325137615203857e-01 -2.338302135467529297e-01 9.799520671367645264e-02 -6.575797498226165771e-02 -2.966341972351074219e-01 -6.512583792209625244e-02 -4.421604424715042114e-02 3.857773840427398682e-01 -2.370705604553222656e-01 -1.209254562854766846e-01 1.883584260940551758e-01 -1.659888178110122681e-01 3.429673910140991211e-01 3.629544377326965332e-01 2.847102880477905273e-01 -2.525042369961738586e-02 2.310183942317962646e-01 -2.260845005512237549e-01 1.275365799665451050e-01 -1.949422657489776611e-01 -1.161465328186750412e-02 1.103075295686721802e-01 1.405152957886457443e-02 -1.547472774982452393e-01
5.977970361709594727e-02 -5.178466811776161194e-02 1.914209127426147461e-01 -8.579267561435699463e-02 1.711226403713226318e-01 -2.119081765413284302e-01 1.961683481931686401e-01 2.939428687095642090e-01 9.575308114290237427e-02 8.275183290243148804e-02 -3.081491291522979736e-01 1.430194228887557983e-01 1.273736357688903809e-01 -1.619756668806076050e-01 7.743972539901733398e-02 -1.229517012834548950e-01 -1.665795445442199707e-01 3.739859536290168762e-02 2.081403434276580811e-01 -4.677157998085021973e-01 1.572838574647903442e-01 -1.771449744701385498e-01 3.560096919536590576e-01 2.856211364269256592e-01
-2.005801349878311157e-01 -1.848151087760925293e-01 -9.073369950056076050e-02 1.622444093227386475e-01 -6.617051362991333008e-02 -2.265679463744163513e-02 -1.760812699794769287e-01 1.455609966069459915e-02 -2.593562901020050049e-01 -3.066911995410919189e-01 -2.568873763084411621e-01 1.234302818775177002e-01 -1.347108092159032822e-02 -3.473499715328216553e-01 2.009143531322479248e-01 -2.897344827651977539e-01 -1.990308985114097595e-03 -5.549119785428047180e-02 2.679777443408966064e-01 2.697060108184814453e-01 -3.186074495315551758e-01 -2.593752555549144745e-02 -1.475799977779388428e-01 3.092722892761230469e-01
3.836230039596557617e-01 1.349691152572631836e-01 2.172677665948867798e-01 -2.516086399555206299e-01 4.502435773611068726e-02 2.478730976581573486e-01 -7.015352696180343628e-02 5.587396398186683655e-02 -1.661793738603591919e-01 2.957746684551239014e-01 -1.935289055109024048e-02 -4.635042548179626465e-01 1.745080351829528809e-01 -1.799884438514709473e-01 4.222551360726356506e-02 -1.408720016479492188e-01 1.113546937704086304e-01 2.120676636695861816e-01 1.035339431837201118e-03 -4.299961775541305542e-02 -4.003212451934814453e-01 2.165550179779529572e-02 -8.375804126262664795e-02 1.041297167539596558e-01
1.435750722885131836e-01 2.373740077018737793e-01 2.140694856643676758e-01 9.499738365411758423e-02 -3.519131541252136230e-01 1.271748449653387070e-02 -1.122484281659126282e-01 2.732629776000976562e-01 -1.203643996268510818e-02 9.471090883016586304e-02 -1.482131332159042358e-01 1.883388161659240723e-01 -4.440204799175262451e-01 7.999806106090545654e-02 -1.669222712516784668e-01 -3.116386651527136564e-04 -2.124450355768203735e-01 -4.957262799143791199e-02 3.183749616146087646e-01 -5.401815474033355713e-02 -2.228446006774902344e-01 2.947515845298767090e-01 4.385661706328392029e-02 -2.619337737560272217e-01
-7.711010426282882690e-02 2.550282329320907593e-02 9.886759519577026367e-02 -3.106885552406311035e-01 -4.378007352352142334e-01 -4.295905530452728271e-01 1.774400770664215088e-01 -1.109367087483406067e-01 6.776710599660873413e-02 5.929078161716461182e-02 -6.393770873546600342e-02 -2.642889022827148438e-01 -3.348724842071533203e-01 -6.184224784374237061e-02 -7.115924358367919922e-02 -2.565131485462188721e-01 1.988195776939392090e-01 -1.182154044508934021e-01 -8.875710517168045044e-02 9.140954166650772095e-02 1.070662662386894226e-01 -3.262487649917602539e-01 -9.296734631061553955e-02 4.403264075517654419e-02
-4.472750052809715271e-02 -2.202411293983459473e-01 1.656699031591415405e-01 7.610258460044860840e-02 -3.324594721198081970e-02 -5.713025480508804321e-02 -2.374742627143859863e-01 -6.358914077281951904e-02 5.845336318016052246e-01 -2.050230950117111206e-01 -2.750243544578552246e-01 -4.005181789398193359e-02 6.295187026262283325e-02 1.496987938880920410e-01 7.666981965303421021e-02 -9.677958488464355469e-02 1.110194399952888489e-01 1.765109449625015259e-01 -2.813870906829833984e-01 -2.330166101455688477e-02 -3.813724815845489502e-01 -1.679303310811519623e-02 2.117697894573211670e-01 -1.873448193073272705e-01
4.765652492642402649e-02 1.536267157644033432e-02 3.033206462860107422e-01 2.324721217155456543e-01 -5.976976454257965088e-02 1.053441464900970459e-01 3.987500071525573730e-02 -1.364141851663589478e-01 2.021032273769378662e-01 1.372477691620588303e-02 -4.875785857439041138e-02 -1.470270603895187378e-01 -3.855729475617408752e-02 -3.693963289260864258e-01 3.234795928001403809e-01 -9.497635811567306519e-02 2.339119017124176025e-01 -1.041710153222084045e-01 9.035165421664714813e-03 2.330534905195236206e-02 4.440424442291259766e-01 4.850310683250427246e-01 -9.794950485229492188e-03 -3.511846810579299927e-02
-4.907526075839996338e-02 -2.319347858428955078e-01 1.927248984575271606e-01 -5.826036632061004639e-02 -1.207493245601654053e-01 -3.118462488055229187e-02 -1.503305882215499878e-01 -2.563030086457729340e-02 -5.218869075179100037e-02 4.314452111721038818e-01 1.869756430387496948e-01 3.886661529541015625e-01 -7.311044633388519287e-02 -2.056333273649215698e-01 4.735343158245086670e-01 1.506832689046859741e-01 -1.580062657594680786e-01 1.161255314946174622e-01 -1.802045404911041260e-01 -2.870015986263751984e-02 -5.690669640898704529e-02 -2.440653741359710693e-01 -1.742578446865081787e-01 -1.734092980623245239e-01
1.195298433303833008e-01 -3.953425288200378418e-01 1.437803953886032104e-01 3.689599633216857910e-01 -1.991955190896987915e-02 1.528239548206329346e-01 1.139227896928787231e-01 -1.739441305398941040e-01 -8.568445593118667603e-02 3.070217669010162354e-01 -2.703791558742523193e-01 -4.942703992128372192e-02 -1.311101913452148438e-01 2.523138225078582764e-01 -1.620049029588699341e-01 1.961241215467453003e-01 1.399591416120529175e-01 -3.689449131488800049e-01 -5.612799525260925293e-02 -1.156684234738349915e-01 -9.805332869291305542e-02 -7.916328310966491699e-02 -1.206331178545951843e-01 2.832651436328887939e-01
2.302322387695312500e-01 -2.100107669830322266e-01 1.195390298962593079e-01 -3.095430135726928711e-01 3.408187329769134521e-01 -9.881413727998733521e-02 -4.138398915529251099e-02 2.072424888610839844e-01 8.444654941558837891e-02 -3.154450654983520508e-01 1.631033718585968018e-01 -1.629874855279922485e-01 -4.105414748191833496e-01 4.575274884700775146e-02 2.241127192974090576e-01 2.306091785430908203e-01 -2.116169333457946777e-01 -2.524147927761077881e-01 -9.865098446607589722e-02 9.925613552331924438e-02 -5.411405116319656372e-02 1.281155943870544434e-01 -7.170626521110534668e-02 1.891739517450332642e-01
2.737029492855072021e-01 -3.381866216659545898e-02 2.760865539312362671e-02 2.275178730487823486e-01 3.267272412776947021e-01 -6.696178019046783447e-02 -1.454157680273056030e-01 2.447331100702285767e-01 -1.432121545076370239e-01 -2.696301788091659546e-02 2.079816758632659912e-01 1.715049147605895996e-01 -1.429074853658676147e-01 -1.757365465164184570e-01 -1.765499413013458252e-01 -3.269146382808685303e-01 4.110981822013854980e-01 -2.171552032232284546e-01 -1.309314966201782227e-01 -9.158310131169855595e-04 3.228065092116594315e-03 -2.389030903577804565e-01 1.313754171133041382e-01 -2.970508038997650146e-01
6.527408957481384277e-02 3.496588766574859619e-02 -1.804305464029312134e-01 -8.392732590436935425e-02 2.485546171665191650e-01 -1.094200760126113892e-01 -4.749703109264373779e-01 -1.382946968078613281e-01 -1.340340077877044678e-01 1.237344369292259216e-01 -3.377050161361694336e-01 -7.503972202539443970e-02 -1.749995648860931396e-01 3.743495345115661621e-01 2.053417712450027466e-01 -2.334952801465988159e-01 3.281689807772636414e-02 1.605515182018280029e-01 1.192843988537788391e-01 -1.579672098159790039e-01 3.035342395305633545e-01 2.038322202861309052e-02 -2.277235537767410278e-01 -7.484644651412963867e-02
