-2.805713117122650146e-01 1.503434926271438599e-01 -2.064197212457656860e-01 -2.701245248317718506e-01 1.049525570124387741e-02 1.495942473411560059e-02 -3.083353396505117416e-03 1.894246339797973633e-01 1.646100431680679321e-01 -1.326640397310256958e-01 -1.579163074493408203e-01 9.434125572443008423e-02 1.443056464195251465e-01 -9.217059612274169922e-02 -2.540666460990905762e-01 -3.792148828506469727e-02 4.623771831393241882e-02 -2.781439721584320068e-01 2.169166356325149536e-01 5.172201991081237793e-01 1.588210612535476685e-01 -3.806918263435363770e-01 9.378101676702499390e-02 -4.095562733709812164e-03
1.121920943260192871e-01 2.362322807312011719e-02 -1.454209387302398682e-01 -1.267484873533248901e-01 -7.116692513227462769e-02 3.052423000335693359e-01 -2.058142423629760742e-01 -2.325443625450134277e-01 -1.259965896606445312e-01 3.224321305751800537e-01 2.086015976965427399e-02 8.602870255708694458e-02 4.905114765278995037e-04 -5.780574679374694824e-02 2.831607758998870850e-01 1.536426544189453125e-01 1.922108680009841919e-01 -2.619838416576385498e-01 5.165192484855651855e-01 -1.504126489162445068e-01 -1.895419061183929443e-01 -1.056531220674514771e-01 9.895030409097671509e-02 2.613242268562316895e-01
-2.738522738218307495e-02 2.222071141004562378e-01 -2.928504049777984619e-01 2.219301909208297729e-01 -4.726415872573852539e-01 -1.962139606475830078e-01 -1.093832850456237793e-01 3.334954977035522461e-01 -7.511952519416809082e-02 -2.823210656642913818e-01 -1.391033828258514404e-01 -5.475464090704917908e-02 -3.265290558338165283e-01 -1.787824183702468872e-02 1.026430353522300720e-01 1.460544764995574951e-01 3.548445105552673340e-01 -8.184640668332576752e-03 7.343442179262638092e-03 -1.767416596412658691e-01 -1.057181432843208313e-01 -6.569974869489669800e-02 5.231611430644989014e-03 -1.024115160107612610e-01
5.072938203811645508e-01 2.471067458391189575e-01 2.953281700611114502e-01 -2.572894096374511719e-01 6.655953079462051392e-02 -3.750360906124114990e-01 -1.167769879102706909e-01 2.654622197151184082e-01 1.027434021234512329e-01 4.548043012619018555e-02 4.827461764216423035e-02 -1.841579824686050415e-01 2.434217184782028198e-02 1.713744848966598511e-01 -7.033111155033111572e-02 -2.267335355281829834e-02 -1.798043549060821533e-01 -1.951045244932174683e-01 9.648634493350982666e-02 -2.010483890771865845e-01 -6.598524749279022217e-02 -2.317697107791900635e-01 1.909421831369400024e-01 -6.176405120640993118e-03
-3.255230560898780823e-02 -2.218693345785140991e-01 2.724851369857788086e-01 2.344112098217010498e-01 -4.139766991138458252e-01 -1.121003106236457825e-01 2.447821795940399170e-01 1.477592345327138901e-02 2.026228308677673340e-01 2.029085159301757812e-01 -4.236248880624771118e-02 -5.037599243223667145e-03 1.056984439492225647e-01 -2.543734014034271240e-01 2.529076337814331055e-01 -2.975608110427856445e-01 -1.321081519126892090e-01 -2.519580423831939697e-01 1.263331174850463867e-01 1.229347065091133118e-01 -2.289308309555053711e-01 -9.767587482929229736e-02 -8.081119507551193237e-02 -2.889955937862396240e-01
1.674843877553939819e-01 -1.510309521108865738e-02 -2.860937416553497314e-01 1.225985735654830933e-01 1.601057499647140503e-01 -1.439018845558166504e-01 3.011096417903900146e-01 -8.378951996564865112e-02 -4.325216114521026611e-01 -1.245062425732612610e-01 3.972067311406135559e-02 -1.946720629930496216e-01 2.144820429384708405e-02 -1.513434648513793945e-01 -7.385230809450149536e-02 -2.632837295532226562e-01 3.698635846376419067e-02 -4.901307523250579834e-01 -1.867157220840454102e-01 7.892627269029617310e-02 -1.237195506691932678e-01 1.494575291872024536e-01 1.410767287015914917e-01 2.244716137647628784e-01
1.915000677108764648e-01 -2.438777983188629150e-01 -1.536548435688018799e-01 -1.883321069180965424e-02 1.301363576203584671e-03 2.622944116592407227e-01 -2.509451806545257568e-01 3.826226890087127686e-01 -1.282426435500383377e-02 2.336530387401580811e-01 -2.865851819515228271e-01 -1.196121610701084137e-02 1.266770437359809875e-02 -3.541970849037170410e-01 -2.424001842737197876e-01 2.186904549598693848e-01 -2.518219947814941406e-01 -1.814562678337097168e-01 -2.370923757553100586e-01 -1.158110424876213074e-01 -2.533023059368133545e-02 5.954172462224960327e-02 -2.484122216701507568e-01 -2.490513026714324951e-02
1.538685709238052368e-01 -4.937427341938018799e-01 -1.593119800090789795e-01 -3.599928021430969238e-01 -1.883096396923065186e-01 -2.549619674682617188e-01 -1.510356664657592773e-01 -4.948500916361808777e-02 2.111021243035793304e-02 -3.436761796474456787e-01 -3.212247043848037720e-02 7.350054383277893066e-02 1.889310479164123535e-01 -2.832758724689483643e-01 2.017786204814910889e-01 -1.055113971233367920e-01 -4.076046869158744812e-02 2.713535130023956299e-01 1.922863163053989410e-02 -4.101930558681488037e-02 6.695467233657836914e-02 -5.936218425631523132e-03 1.829330921173095703e-01 2.091197222471237183e-01
5.057374238967895508e-01 -3.154854178428649902e-01 -7.427821308374404907e-02 -3.360482677817344666e-02 -1.775401830673217773e-02 1.415497213602066040e-01 7.020910084247589111e-02 8.002439141273498535e-02 1.096828058362007141e-01 1.106028929352760315e-01 2.567266225814819336e-01 4.203296452760696411e-02 -3.043310344219207764e-01 2.173586487770080566e-01 5.882986262440681458e-02 -9.311131434515118599e-04 3.500182032585144043e-01 9.599156328476965427e-04 -1.191217824816703796e-01 4.358191490173339844e-01 1.357633471488952637e-01 -8.520804345607757568e-02 -1.040470600128173828e-01 -8.913358300924301147e-02
-3.804624453186988831e-02 8.168624341487884521e-02 8.068184554576873779e-02 8.190353214740753174e-02 1.024165824055671692e-01 3.525093197822570801e-02 -5.688049197196960449e-01 -2.857255004346370697e-02 -7.055881619453430176e-02 -3.200511932373046875e-01 2.139892429113388062e-01 -7.716138660907745361e-02 1.904131621122360229e-01 5.376866459846496582e-02 4.147405326366424561e-01 4.813639447093009949e-02 -1.018026396632194519e-01 -3.180750310420989990e-01 -1.164488345384597778e-01 2.165391892194747925e-01 6.382304430007934570e-02 1.377398073673248291e-01 -1.736702024936676025e-01 -2.115447670221328735e-01
-1.130303647369146347e-02 1.544108092784881592e-01 -1.720476597547531128e-01 -2.814454436302185059e-01 5.859477818012237549e-02 1.952316164970397949e-01 -1.308372169733047485e-01 2.143227756023406982e-01 -1.498987972736358643e-01 8.007295429706573486e-02 2.415725290775299072e-01 1.488530933856964111e-01 1.454444676637649536e-01 -4.131888970732688904e-02 -9.636493027210235596e-02 -5.436682105064392090e-01 1.697952747344970703e-01 2.066330313682556152e-01 -2.934240736067295074e-02 -1.159517765045166016e-01 -3.509190380573272705e-01 4.838927462697029114e-02 -4.492023959755897522e-02 -3.349040746688842773e-01
-8.546012639999389648e-02 -2.415925450623035431e-02 1.400300413370132446e-01 -6.279925256967544556e-02 -2.386992126703262329e-01 -4.170249775052070618e-02 -2.729728221893310547e-01 -4.248635768890380859e-01 1.690720617771148682e-01 5.803505703806877136e-02 8.740702643990516663e-03 -9.136198461055755615e-02 1.064622104167938232e-01 2.885154262185096741e-02 -3.023020029067993164e-01 -8.609931170940399170e-02 3.328126072883605957e-01 -1.620215624570846558e-01 -4.591678977012634277e-01 -1.319594532251358032e-01 -1.183136850595474243e-01 -2.871510386466979980e-01 -1.171149536967277527e-01 1.674652844667434692e-01
1.801286637783050537e-02 -2.301589585840702057e-02 -2.067764103412628174e-01 -2.086977958679199219e-01 -3.708841800689697266e-01 -1.139228269457817078e-01 1.730003058910369873e-01 -1.488362997770309448e-01 -1.015074271708726883e-02 -1.073409989476203918e-02 4.125018119812011719e-01 1.780030280351638794e-01 1.722915321588516235e-01 1.219285726547241211e-01 -2.950972914695739746e-01 2.835313081741333008e-01 -1.367339491844177246e-01 -2.361832559108734131e-01 1.099050641059875488e-01 -1.641559302806854248e-01 1.757859438657760620e-01 2.684929966926574707e-01 -1.124261394143104553e-01 -2.588464021682739258e-01
-1.774934828281402588e-01 1.366385351866483688e-02 -2.040347307920455933e-01 -2.673956751823425293e-01 3.675027489662170410e-01 -3.809909224510192871e-01 1.467632353305816650e-01 -1.114935148507356644e-03 2.815495133399963379e-01 1.373241245746612549e-01 -1.688732393085956573e-02 2.272146344184875488e-01 -2.161937057971954346e-01 -7.276259362697601318e-02 3.246517777442932129e-01 2.032892405986785889e-02 9.283696115016937256e-02 -1.847829073667526245e-01 -1.275012791156768799e-01 -1.905570179224014282e-01 -3.639387711882591248e-02 -1.136160548776388168e-02 -3.855890333652496338e-01 8.681122213602066040e-03
-2.215232849121093750e-01 -2.058007419109344482e-01 -1.464245170354843140e-01 -3.688273727893829346e-01 -1.121350005269050598e-01 -6.372401863336563110e-02 -4.879206418991088867e-02 -1.090751141309738159e-01 -1.760539114475250244e-01 1.808476895093917847e-01 -2.805775403976440430e-01 -5.416887998580932617e-01 -1.786602139472961426e-01 3.820325732231140137e-01 6.662257015705108643e-02 -1.394586823880672455e-02 -1.444912850856781006e-01 2.167744375765323639e-02 1.762867718935012817e-02 1.163001358509063721e-01 -1.224123612046241760e-01 8.278943598270416260e-02 -2.594855986535549164e-02 -2.100893110036849976e-01
-3.533897921442985535e-02 -2.261187694966793060e-02 1.762410700321197510e-01 -1.845902949571609497e-01 -1.792968213558197021e-01 3.922274708747863770e-01 2.089653015136718750e-01 1.385263651609420776e-01 -1.136681437492370605e-01 -3.175243139266967773e-01 -2.499561943113803864e-02 3.485348774120211601e-03 -1.301280856132507324e-01 2.033976614475250244e-01 1.154273450374603271e-01 -2.962177395820617676e-01 -1.397237330675125122e-01 -1.575330942869186401e-01 2.282458543777465820e-02 -2.752808928489685059e-01 2.764998078346252441e-01 -1.796817928552627563e-01 -3.509037196636199951e-01 2.408259361982345581e-01
6.944946199655532837e-02 1.274118199944496155e-03 -2.335157096385955811e-01 2.412935495376586914e-01 1.077571064233779907e-01 -1.504944860935211182e-01 -2.049075663089752197e-01 -2.390569597482681274e-01 -6.003509834408760071e-02 8.994529396295547485e-02 1.550949364900588989e-01 -2.629836499691009521e-01 -1.983419358730316162e-01 -2.556067109107971191e-01 -1.542352885007858276e-01 -2.604691088199615479e-01 -1.257094889879226685e-01 1.285071074962615967e-01 2.849598526954650879e-01 -1.240890249609947205e-01 4.011327028274536133e-01 -2.864762246608734131e-01 -2.172885537147521973e-01 -1.694217026233673096e-01
7.952526211738586426e-03 1.942722052335739136e-01 -1.284549478441476822e-02 -2.440681122243404388e-02 -1.878865510225296021e-01 -4.365351051092147827e-02 -2.060964107513427734e-01 6.483647972345352173e-02 3.386003077030181885e-01 2.035328000783920288e-01 -1.037312075495719910e-01 -3.995746001601219177e-02 -1.068013906478881836e-01 3.270789980888366699e-03 -4.516743496060371399e-02 -3.756664991378784180e-01 5.981711670756340027e-02 -7.421842217445373535e-02 6.645695120096206665e-02 8.477617055177688599e-02 2.875126004219055176e-01 6.037843823432922363e-01 6.217303872108459473e-02 2.876772284507751465e-01
2.152373492717742920e-01 -7.553634047508239746e-02 -1.808806359767913818e-01 1.600277423858642578e-01 7.823268324136734009e-02 4.956967756152153015e-02 -1.283934414386749268e-01 -3.066218197345733643e-01 2.098199427127838135e-01 -2.988908290863037109e-01 -3.357315957546234131e-01 3.776692450046539307e-01 -2.153833806514739990e-01 2.833541035652160645e-01 -1.775966882705688477e-01 -1.696486324071884155e-01 -2.683223485946655273e-01 -1.024477705359458923e-01 1.161433458328247070e-01 -2.325355820357799530e-02 -2.767844200134277344e-01 3.257115557789802551e-02 3.300866112112998962e-02 -1.398855745792388916e-01
2.638412117958068848e-01 1.367863416671752930e-01 -1.995386928319931030e-02 -7.669135183095932007e-02 1.258776634931564331e-01 1.698293834924697876e-01 2.284902483224868774e-01 -1.377810090780258179e-01 3.115468323230743408e-01 -2.979269921779632568e-01 -1.994505077600479126e-01 -4.126147031784057617e-01 2.857059538364410400e-01 -1.643057614564895630e-01 -3.356377780437469482e-02 1.084555312991142273e-01 2.817997336387634277e-01 6.796038895845413208e-02 2.033876627683639526e-01 -3.609756007790565491e-02 -1.063463538885116577e-01 1.801536381244659424e-01 -2.904453575611114502e-01 -1.316419094800949097e-01
-5.466487724334001541e-03 -1.671296916902065277e-02 5.081705451011657715e-01 -2.508601248264312744e-01 3.715664893388748169e-02 -1.234568357467651367e-01 -7.659326493740081787e-02 -1.290166974067687988e-01 -3.647562563419342041e-01 -1.176313310861587524e-01 -1.480624973773956299e-01 1.802171170711517334e-01 -3.603920936584472656e-01 -3.077949285507202148e-01 -2.089542746543884277e-01 4.734310880303382874e-02 2.070700377225875854e-01 -6.242008507251739502e-02 1.710392981767654419e-01 1.168797016143798828e-01 9.353924542665481567e-03 1.980089694261550903e-01 -1.180323511362075806e-01 -1.570477187633514404e-01
9.247891604900360107e-02 4.045218229293823242e-01 -7.587608695030212402e-02 -2.236339747905731201e-01 -1.954843103885650635e-01 1.746653765439987183e-01 8.570320159196853638e-02 -2.162887752056121826e-01 1.150920093059539795e-01 -5.699149891734123230e-02 2.118805944919586182e-01 -8.592265099287033081e-02 -3.511914908885955811e-01 -3.327352702617645264e-01 1.122413203120231628e-01 9.484320878982543945e-02 -3.887470066547393799e-01 1.452806293964385986e-01 -2.205133587121963501e-01 2.234023958444595337e-01 -2.045076191425323486e-01 -4.720319807529449463e-02 2.652947604656219482e-02 9.622782468795776367e-02
-8.927932940423488617e-03 -2.297742664813995361e-02 6.487641949206590652e-03 1.228565573692321777e-01 -7.584698498249053955e-02 -2.559735774993896484e-01 -8.624088019132614136e-02 1.311757862567901611e-01 -1.109978407621383667e-01 -4.186007659882307053e-03 1.607526391744613647e-01 -9.912274545058608055e-04 9.442360699176788330e-02 1.439051330089569092e-01 -1.760577857494354248e-01 2.223200537264347076e-02 -1.164511740207672119e-01 1.785623878240585327e-01 2.369876950979232788e-01 2.665596604347229004e-01 -3.685826063156127930e-01 2.569061331450939178e-02 -5.349975824356079102e-01 4.400488138198852539e-01
-2.912912964820861816e-01 -3.359645605087280273e-01 9.058243781328201294e-02 3.297875076532363892e-02 1.782025247812271118e-01 1.268015354871749878e-01 -6.509725749492645264e-02 1.742821633815765381e-01 3.205958604812622070e-01 -2.135942727327346802e-01 4.080669879913330078e-01 -2.546356916427612305e-01 -3.113468289375305176e-01 -7.884298264980316162e-02 -1.968768835067749023e-01 3.159856051206588745e-02 1.542552374303340912e-02 -1.619844436645507812e-01 1.620308905839920044e-01 -1.498722136020660400e-01 -2.406560927629470825e-01 7.612933963537216187e-02 2.099750339984893799e-01 6.978759169578552246e-02
