1.130280345678329468e-01 -3.026369214057922363e-01 -2.025251463055610657e-02 1.482900679111480713e-01 1.752610201947391033e-03 -8.923935145139694214e-02 -2.431548982858657837e-01 2.125822305679321289e-01 -1.675206422805786133e-01 -8.705566823482513428e-02 -2.613418176770210266e-02 -2.292217500507831573e-02 8.316988497972488403e-02 1.118231639266014099e-01 9.966837614774703979e-02 -1.895833760499954224e-01 -2.184867709875106812e-01 1.714759767055511475e-01 -5.427623987197875977e-01 3.211428523063659668e-01 5.288747698068618774e-02 2.663652300834655762e-01 -3.318455219268798828e-01 8.510509505867958069e-03
-2.160759419202804565e-01 6.128815189003944397e-02 1.470144391059875488e-01 -1.229545101523399353e-01 -1.620142906904220581e-01 3.430146574974060059e-01 -7.082793861627578735e-02 1.791028976440429688e-01 -4.027100652456283569e-02 -4.953510165214538574e-01 4.270845651626586914e-02 -2.052322179079055786e-01 2.046933770179748535e-01 -3.247053325176239014e-01 -2.104090526700019836e-02 -1.980314254760742188e-01 3.302073776721954346e-01 7.614548318088054657e-03 1.012768372893333435e-01 1.156366840004920959e-01 2.759048938751220703e-01 -5.279838666319847107e-02 -1.728482544422149658e-01 1.112635657191276550e-01
-2.728911302983760834e-02 -2.638147175312042236e-01 -5.734208226203918457e-02 -2.003077268600463867e-01 7.988838851451873779e-02 1.928188093006610870e-02 6.496820598840713501e-02 1.868755207397043705e-03 -3.529488742351531982e-01 5.009296908974647522e-02 -1.201489008963108063e-02 3.134795650839805603e-02 1.694557256996631622e-02 8.904396742582321167e-02 -3.808407783508300781e-01 3.177745938301086426e-01 5.588083714246749878e-02 4.141336381435394287e-01 9.348121285438537598e-02 -3.539088070392608643e-01 2.858888208866119385e-01 1.995251327753067017e-01 -1.104522272944450378e-01 2.246329337358474731e-01
-4.284909367561340332e-01 -1.039713993668556213e-01 2.024992406368255615e-01 2.872343063354492188e-01 -1.336638480424880981e-01 8.328477293252944946e-02 -6.632674485445022583e-02 -1.953974068164825439e-01 -2.029552757740020752e-01 1.209440305829048157e-01 1.223377361893653870e-01 -3.708750382065773010e-02 -3.843470662832260132e-02 -1.312204916030168533e-02 -2.542968392372131348e-01 1.096572428941726685e-01 -1.526059955358505249e-01 1.758550554513931274e-01 -1.604962497949600220e-01 2.821073830127716064e-01 -5.236390978097915649e-02 -5.004712343215942383e-01 1.955138146877288818e-01 1.148763746023178101e-01
2.204602211713790894e-01 -1.372627764940261841e-01 8.382815867662429810e-02 5.923037976026535034e-02 1.027217283844947815e-01 7.067506760358810425e-02 1.745494753122329712e-01 -1.640649139881134033e-01 1.055507808923721313e-01 -1.307521611452102661e-01 -1.388553380966186523e-01 -4.473258852958679199e-01 -4.415391683578491211e-01 -1.271810978651046753e-01 2.095582187175750732e-01 7.873658090829849243e-02 -8.333921432495117188e-02 4.470309913158416748e-01 1.943713873624801636e-01 1.129082441329956055e-01 -5.550557374954223633e-02 -1.159043163061141968e-01 -1.721251904964447021e-01 -1.917617768049240112e-01
2.226853668689727783e-01 1.060557812452316284e-01 2.748837769031524658e-01 -1.813611984252929688e-01 2.323703318834304810e-01 -1.097350344061851501e-01 1.623580157756805420e-01 -1.769425719976425171e-01 8.847990632057189941e-02 1.590254902839660645e-01 2.791185081005096436e-01 -2.347313165664672852e-01 4.812821149826049805e-01 -1.134627759456634521e-01 1.970617920160293579e-01 2.787676453590393066e-01 -6.011545658111572266e-02 -4.022391140460968018e-02 -2.577627897262573242e-01 -3.306083753705024719e-02 1.557561010122299194e-01 -2.143475860357284546e-01 -1.664918810129165649e-01 9.559386223554611206e-02
-1.327378898859024048e-01 1.307260096073150635e-01 3.233758509159088135e-01 -7.510846853256225586e-02 -3.931813538074493408e-01 -3.561935126781463623e-01 1.760590821504592896e-01 -2.287209481000900269e-01 -8.784440159797668457e-02 8.774851262569427490e-02 -2.681917548179626465e-01 -6.495664268732070923e-02 -3.290664255619049072e-01 9.991420432925224304e-03 7.867930829524993896e-02 5.931567773222923279e-02 1.380055993795394897e-01 -2.316456139087677002e-01 -1.789624094963073730e-01 6.126484647393226624e-02 3.408287465572357178e-01 2.020824104547500610e-01 -8.164766430854797363e-02 9.215582162141799927e-02
-6.171071156859397888e-02 -1.341874897480010986e-01 3.373391032218933105e-01 -1.629061996936798096e-01 2.198821306228637695e-01 -4.795386791229248047e-01 -4.772109091281890869e-01 3.394702970981597900e-01 -1.037899404764175415e-02 -1.412121951580047607e-01 2.890746854245662689e-02 -5.226305872201919556e-02 -1.452006697654724121e-01 6.140488758683204651e-02 1.006008610129356384e-01 8.589653670787811279e-02 -4.728638380765914917e-02 -7.730528712272644043e-02 2.818547487258911133e-01 -3.564412519335746765e-02 -2.748720347881317139e-02 -1.905553042888641357e-01 5.640124157071113586e-02 1.463990211486816406e-01
-2.847600728273391724e-02 2.879042327404022217e-01 2.153883427381515503e-01 -9.975683689117431641e-02 -1.980423182249069214e-01 7.411799579858779907e-02 6.948775798082351685e-02 -1.036591082811355591e-01 -7.494747638702392578e-02 -2.757726013660430908e-01 -2.728970050811767578e-01 2.417790889739990234e-01 3.015122711658477783e-01 3.111099600791931152e-01 1.381595432758331299e-01 1.398078352212905884e-01 -4.096235334873199463e-01 1.881191432476043701e-01 2.737579345703125000e-01 1.365722566843032837e-01 -1.784563660621643066e-01 6.709730625152587891e-02 -1.322419345378875732e-01 9.014170616865158081e-02
-1.307694613933563232e-01 3.919054940342903137e-02 -3.247661888599395752e-01 -1.085386648774147034e-01 6.198552250862121582e-02 -3.938103616237640381e-01 -9.822937846183776855e-02 -2.561224699020385742e-01 -1.566877663135528564e-01 1.822917908430099487e-01 -2.506712973117828369e-01 1.090339291840791702e-02 2.258928716182708740e-01 -3.017263710498809814e-01 -1.507892161607742310e-01 -1.863942295312881470e-01 9.900409728288650513e-02 3.295300900936126709e-02 2.088061124086380005e-01 1.568761914968490601e-01 -1.474083960056304932e-01 -1.554455608129501343e-01 -4.171942174434661865e-01 -1.029992848634719849e-01
-2.442103810608386993e-02 -1.902996897697448730e-01 -2.634698748588562012e-01 5.847871899604797363e-01 -2.561658322811126709e-01 -2.569070160388946533e-01 1.275319457054138184e-01 9.149796515703201294e-02 2.433013357222080231e-02 -1.668470650911331177e-01 2.541694603860378265e-02 -2.711595892906188965e-01 2.583808600902557373e-01 -1.019573677331209183e-02 1.403574049472808838e-01 3.109757900238037109e-01 3.676347061991691589e-02 -1.347803920507431030e-01 2.025544941425323486e-01 -8.815664798021316528e-02 -2.928918413817882538e-02 9.164598584175109863e-02 1.258451025933027267e-02 1.786957383155822754e-01
5.812541022896766663e-02 -3.683553040027618408e-01 5.628821626305580139e-02 -1.219509690999984741e-01 -3.108636736869812012e-01 -6.166093051433563232e-02 1.582714617252349854e-01 -4.713789746165275574e-02 1.709892600774765015e-01 -5.757542327046394348e-02 1.243756636977195740e-01 4.177027046680450439e-01 -8.719421178102493286e-02 -3.936268687248229980e-01 2.095649540424346924e-01 -1.462092101573944092e-01 -1.183892786502838135e-01 1.050799861550331116e-01 -7.177665829658508301e-02 -2.554283142089843750e-01 -2.046110630035400391e-01 -1.453342139720916748e-01 -9.008666872978210449e-02 3.135154843330383301e-01
-1.001316457986831665e-01 -2.382438182830810547e-01 7.436968386173248291e-02 -1.104033365845680237e-02 9.498462080955505371e-02 -1.381904333829879761e-01 -1.230242326855659485e-01 -5.871067643165588379e-01 -1.306246519088745117e-01 -3.559134304523468018e-01 2.250757068395614624e-01 -5.510812252759933472e-02 1.278470307588577271e-01 3.591886907815933228e-02 5.570909008383750916e-02 -2.592449486255645752e-01 -1.296344697475433350e-01 -5.433314666152000427e-02 4.412787035107612610e-02 -1.890128999948501587e-01 7.464061677455902100e-02 2.167459428310394287e-01 2.607506215572357178e-01 -2.761556804180145264e-01
-2.206138968467712402e-01 2.335510104894638062e-01 2.960399165749549866e-02 -2.536605484783649445e-02 9.324750304222106934e-02 -5.977660790085792542e-02 -1.202734410762786865e-01 -7.746230810880661011e-02 2.185717821121215820e-01 -2.340787947177886963e-01 -2.080852687358856201e-01 -2.619386315345764160e-01 -2.710187621414661407e-02 -3.825246915221214294e-02 -1.974197179079055786e-01 8.557848632335662842e-02 8.499635756015777588e-02 9.503190219402313232e-02 -4.199774265289306641e-01 -3.481141328811645508e-01 -4.941532015800476074e-01 1.205330714583396912e-01 -2.318676747381687164e-02 1.627333909273147583e-01
3.212424814701080322e-01 2.744996249675750732e-01 -2.059530615806579590e-01 -2.635300457477569580e-01 -3.507292866706848145e-01 -2.005082517862319946e-01 5.101174488663673401e-02 7.988252490758895874e-02 -2.984637618064880371e-01 -4.223261401057243347e-02 3.376740515232086182e-01 -3.227500319480895996e-01 -6.387896090745925903e-02 4.009884968400001526e-02 -1.266643255949020386e-01 -2.265389263629913330e-01 -1.021483689546585083e-01 1.154070198535919189e-01 8.546295575797557831e-04 9.077253192663192749e-02 -1.624020487070083618e-01 -3.082957863807678223e-02 2.339918911457061768e-01 2.030078172683715820e-01
3.855676352977752686e-01 -1.002959236502647400e-01 -4.570535197854042053e-02 9.963683784008026123e-03 -7.250857353210449219e-02 1.326083093881607056e-01 -3.744211792945861816e-01 -1.992184668779373169e-01 1.198361739516258240e-01 1.008410453796386719e-01 -5.215898156166076660e-01 -7.874935120344161987e-02 1.792021095752716064e-01 -1.282552033662796021e-01 -6.932766176760196686e-03 -4.901734367012977600e-02 1.046924386173486710e-03 4.756031557917594910e-02 -2.396375499665737152e-02 2.991092950105667114e-02 1.941879093647003174e-01 -7.714219391345977783e-02 3.961364030838012695e-01 2.797353565692901611e-01
-2.624929547309875488e-01 -5.615626648068428040e-02 -2.547088265419006348e-01 -3.092124462127685547e-01 1.225850805640220642e-01 -1.982084363698959351e-01 2.770924866199493408e-01 2.249861806631088257e-01 6.249565258622169495e-02 -1.747777462005615234e-01 -1.741080731153488159e-01 4.263913258910179138e-02 7.165700942277908325e-02 -2.891773581504821777e-01 8.495078235864639282e-02 2.312687784433364868e-01 -1.881500184535980225e-01 1.056485548615455627e-01 -1.638579964637756348e-01 2.518650591373443604e-01 1.109756529331207275e-01 6.842675060033798218e-02 4.316082894802093506e-01 -1.719488501548767090e-01
1.201140359044075012e-01 2.481666207313537598e-01 1.377098560333251953e-01 2.016527950763702393e-01 -6.235330551862716675e-02 5.046701431274414062e-02 -1.963558793067932129e-01 8.605818450450897217e-02 -2.684877999126911163e-02 3.922781348228454590e-02 8.362117409706115723e-02 1.348377764225006104e-02 -9.055376797914505005e-02 -5.453453660011291504e-01 -3.004127442836761475e-01 1.417684257030487061e-01 -5.053560137748718262e-01 -1.258112341165542603e-01 7.096837460994720459e-02 -1.229972839355468750e-01 1.099365502595901489e-01 2.121665924787521362e-01 -8.461496978998184204e-02 -1.759021133184432983e-01
-2.607628703117370605e-01 1.538243442773818970e-01 9.674144908785820007e-03 9.457343816757202148e-02 1.614427417516708374e-01 1.550663709640502930e-01 1.139883324503898621e-02 1.185127049684524536e-01 -4.813440740108489990e-01 2.849645018577575684e-01 -1.358743160963058472e-01 -1.424840539693832397e-01 1.055444590747356415e-02 -1.532240211963653564e-01 5.365478396415710449e-01 -2.047389894723892212e-01 -1.067928001284599304e-01 5.249704048037528992e-02 1.262113265693187714e-02 -2.923214733600616455e-01 -4.085374623537063599e-02 6.445439904928207397e-02 9.940989315509796143e-02 1.203742846846580505e-01
1.150064766407012939e-01 8.114501833915710449e-03 4.045769572257995605e-01 1.293441802263259888e-01 -1.267222762107849121e-01 -1.238798052072525024e-01 -2.120660431683063507e-02 9.477364271879196167e-02 -6.469630450010299683e-02 1.943371444940567017e-01 6.060713529586791992e-02 1.310200989246368408e-01 2.180665135383605957e-01 -1.865546107292175293e-01 3.472716547548770905e-03 4.591688141226768494e-02 4.305613934993743896e-01 3.610951602458953857e-01 5.936931073665618896e-02 1.277029514312744141e-01 -2.749814689159393311e-01 2.981804907321929932e-01 2.267164587974548340e-01 -2.581827342510223389e-01
1.522208154201507568e-01 9.812677651643753052e-02 -2.001069486141204834e-01 -4.603025689721107483e-02 7.447367161512374878e-02 1.408215463161468506e-01 -2.648267745971679688e-01 -2.419123798608779907e-01 -3.515735268592834473e-01 -2.169632762670516968e-01 1.272748112678527832e-01 2.363057583570480347e-01 -2.237598150968551636e-01 -1.524177938699722290e-01 2.398078590631484985e-01 4.876141846179962158e-01 2.353954166173934937e-01 -1.489060819149017334e-01 -9.869875013828277588e-02 1.970404535531997681e-01 -1.602995544672012329e-01 2.515792101621627808e-02 -3.349881619215011597e-02 7.819035649299621582e-02
2.653466761112213135e-01 -2.756351530551910400e-01 2.063017189502716064e-01 -4.913762211799621582e-02 -1.181230135262012482e-02 7.256651669740676880e-02 2.709453701972961426e-01 1.574642360210418701e-01 -4.167992174625396729e-01 -1.604675650596618652e-01 -3.147033154964447021e-01 -6.263390928506851196e-02 7.485664635896682739e-02 -7.197012659162282944e-03 -1.916569471359252930e-01 1.347086485475301743e-02 4.223487805575132370e-03 -3.794514238834381104e-01 -9.715227782726287842e-02 -1.282190531492233276e-01 -2.483470290899276733e-01 -2.479231208562850952e-01 1.340778078883886337e-02 -2.585074305534362793e-01
-4.363416880369186401e-02 6.144231930375099182e-02 -1.637481749057769775e-01 -1.130173951387405396e-01 -4.554225504398345947e-01 -8.115124888718128204e-03 -3.141467869281768799e-01 9.445391595363616943e-02 2.684412151575088501e-02 2.591457962989807129e-02 -1.202332600951194763e-02 -8.671604096889495850e-03 6.490334868431091309e-02 1.210205256938934326e-01 1.909953653812408447e-01 1.730366051197052002e-01 2.619104273617267609e-02 1.744306683540344238e-01 -1.574760973453521729e-01 -3.443997204303741455e-01 1.462132334709167480e-01 -3.019930422306060791e-01 -5.925031378865242004e-02 -5.120032429695129395e-01
-2.099702805280685425e-01 -3.580158352851867676e-01 1.812382787466049194e-02 -3.788619339466094971e-01 -2.378528267145156860e-01 2.756297886371612549e-01 -1.592170000076293945e-01 -4.214311763644218445e-02 1.045544594526290894e-01 3.185597062110900879e-01 6.439293175935745239e-02 -3.239486515522003174e-01 5.481059849262237549e-02 1.106820348650217056e-02 3.413721546530723572e-02 1.757892519235610962e-01 -1.177331507205963135e-01 -2.388545125722885132e-01 1.476043164730072021e-01 1.525541096925735474e-01 -2.678936123847961426e-01 2.771219015121459961e-01 -5.314393341541290283e-02 -1.205108501017093658e-02
