2.599771134555339813e-02 -1.910093277692794800e-01 -2.160163968801498413e-01 1.692756079137325287e-02 -1.164163202047348022e-01 9.700964391231536865e-02 -3.930126503109931946e-02 1.143447235226631165e-01 2.337614297866821289e-01 -2.186916396021842957e-02 2.295715808868408203e-01 6.619292497634887695e-02 -4.719150662422180176e-01 -5.206094309687614441e-02 -2.497670501470565796e-01 1.006577014923095703e-01 1.154458895325660706e-01 1.240188479423522949e-01 -4.536455869674682617e-01 3.434647917747497559e-01 2.013186514377593994e-01 -2.718636095523834229e-01 2.241795510053634644e-02 2.752417325973510742e-02
-6.829825788736343384e-02 -1.313926931470632553e-02 7.480641454458236694e-02 -7.593175768852233887e-02 9.524045139551162720e-02 -2.853140234947204590e-01 -1.697490513324737549e-01 -2.068115919828414917e-01 -2.091477662324905396e-01 3.949626386165618896e-01 -2.019169032573699951e-01 -3.070999309420585632e-02 1.750569492578506470e-01 -4.958008229732513428e-02 -2.838188409805297852e-01 1.835119426250457764e-01 1.286734640598297119e-01 1.752725094556808472e-01 -2.717802301049232483e-03 1.836551874876022339e-01 4.767379462718963623e-01 1.419125348329544067e-01 1.026405021548271179e-01 3.065754771232604980e-01
3.924083411693572998e-01 -5.423846840858459473e-02 -4.035127162933349609e-01 1.888018697500228882e-01 3.639061152935028076e-01 -2.054292894899845123e-02 1.578939110040664673e-01 -1.026726216077804565e-01 -1.465614736080169678e-01 -1.054636463522911072e-01 1.974162459373474121e-01 -1.958240121603012085e-01 6.711572408676147461e-02 3.445559442043304443e-01 -2.467613369226455688e-01 -4.294033162295818329e-03 -3.029354847967624664e-03 2.501542307436466217e-02 2.545942664146423340e-01 2.914157807826995850e-01 -1.405653208494186401e-01 7.552149146795272827e-02 -4.358917102217674255e-02 6.699973344802856445e-02
1.310605406761169434e-01 1.399309039115905762e-01 -6.294959783554077148e-02 -1.307714879512786865e-01 -1.492428034543991089e-01 -5.381394177675247192e-02 3.683402240276336670e-01 2.769601941108703613e-01 -3.096535503864288330e-01 1.725114434957504272e-01 -1.448381394147872925e-01 -2.004249393939971924e-01 -7.633987069129943848e-02 -1.124904453754425049e-01 1.747336424887180328e-02 -1.248771771788597107e-01 -4.239617288112640381e-01 2.548247575759887695e-01 2.127403765916824341e-02 3.338566422462463379e-02 1.883843094110488892e-01 -2.502773702144622803e-01 -3.664214015007019043e-01 -6.938372552394866943e-02
2.037591785192489624e-01 3.069148659706115723e-01 -1.869040429592132568e-01 5.775604397058486938e-02 -2.608674168586730957e-01 -2.712886780500411987e-02 7.284867018461227417e-02 2.295853346586227417e-01 -1.564034173497930169e-04 -2.528816461563110352e-01 -3.577431440353393555e-01 2.097557485103607178e-02 7.222090382128953934e-03 1.149323582649230957e-01 1.244078576564788818e-02 -2.897593379020690918e-01 1.595427244901657104e-01 -3.779954314231872559e-01 -1.320647448301315308e-01 1.382811814546585083e-01 3.242972791194915771e-01 2.628406286239624023e-01 1.685114651918411255e-01 4.380701482295989990e-02
-2.691101729869842529e-01 -1.938493514899164438e-04 -6.124255806207656860e-02 3.327838182449340820e-01 2.112256586551666260e-01 -3.075848100706934929e-03 -1.145830973982810974e-01 2.401562780141830444e-01 -4.351014271378517151e-02 -3.070913255214691162e-01 3.807566314935684204e-02 2.958962917327880859e-01 4.286838769912719727e-01 -1.393440365791320801e-01 1.503391116857528687e-01 -1.751056015491485596e-01 -1.063914448022842407e-01 2.339727878570556641e-01 3.360202535986900330e-02 2.707159221172332764e-01 1.585332453250885010e-01 -2.802950143814086914e-01 8.412718027830123901e-02 6.889697164297103882e-02
-5.129994079470634460e-02 -6.424687802791595459e-02 -2.073045819997787476e-01 3.905184194445610046e-02 4.377855360507965088e-02 -2.525579333305358887e-01 -5.400072783231735229e-02 1.353775244206190109e-02 2.406613230705261230e-01 7.716251909732818604e-02 -1.985868662595748901e-01 -2.016418427228927612e-02 1.031759977340698242e-01 4.179587960243225098e-01 4.039344843477010727e-03 -1.082881353795528412e-02 1.841869950294494629e-01 -1.513212770223617554e-01 5.244154483079910278e-03 -3.952898085117340088e-01 1.094344779849052429e-01 -5.493273138999938965e-01 -2.166906595230102539e-01 1.302288323640823364e-01
-2.269624918699264526e-02 -5.077297240495681763e-02 -1.794259548187255859e-01 -3.849977254867553711e-01 -3.117999434471130371e-02 -3.398799300193786621e-01 8.143605291843414307e-02 1.819337755441665649e-01 -6.597431004047393799e-02 2.138686627149581909e-01 -2.036776393651962280e-02 4.120818674564361572e-01 1.523921545594930649e-02 7.087678462266921997e-02 1.639333218336105347e-01 3.533120453357696533e-02 3.049412071704864502e-01 2.574525959789752960e-02 1.771745532751083374e-01 2.994086444377899170e-01 -1.822441220283508301e-01 -8.888301439583301544e-03 2.294916287064552307e-02 -3.975726068019866943e-01
-4.884960949420928955e-01 -1.608272641897201538e-01 -6.724227219820022583e-02 9.100313298404216766e-03 3.495734184980392456e-02 -2.187846257584169507e-04 2.678688168525695801e-01 -2.837535440921783447e-01 -3.235893249511718750e-01 -1.772456467151641846e-01 -3.052255809307098389e-01 -1.800816655158996582e-01 -1.268386393785476685e-01 1.160311028361320496e-01 -1.813083589076995850e-01 -2.740963697433471680e-01 1.482042521238327026e-01 1.337658166885375977e-01 -1.893145292997360229e-01 -8.963706903159618378e-03 -1.717534065246582031e-01 -5.654991418123245239e-02 1.918678879737854004e-01 -1.812470704317092896e-01
2.486108839511871338e-01 -1.517874747514724731e-01 8.994979411363601685e-02 3.936215862631797791e-02 -8.366648107767105103e-02 -4.354510903358459473e-01 -2.861954271793365479e-01 -3.183997869491577148e-01 -1.332772970199584961e-01 -1.182129681110382080e-01 2.419223822653293610e-02 -1.382631659507751465e-01 1.042538434267044067e-01 7.884072512388229370e-02 2.881893813610076904e-01 -1.034049596637487411e-02 -3.164923191070556641e-01 -1.379844695329666138e-01 -4.039229750633239746e-01 1.776401102542877197e-01 -3.979048132896423340e-02 -8.428679406642913818e-02 8.455983363091945648e-03 -2.263825684785842896e-01
2.920731604099273682e-01 1.297759562730789185e-01 -3.056697919964790344e-02 2.609505951404571533e-01 -1.992696374654769897e-01 -2.441042959690093994e-01 -1.851479113101959229e-01 -1.670892834663391113e-01 -1.509387046098709106e-01 -1.363099068403244019e-01 -1.916082501411437988e-01 2.967321276664733887e-01 -3.640219867229461670e-01 -2.558567821979522705e-01 -1.683544814586639404e-01 -4.761687293648719788e-02 -5.544734303839504719e-04 1.935198456048965454e-01 3.035077750682830811e-01 -1.712169200181961060e-01 -1.815325468778610229e-01 -2.039355188608169556e-01 1.763101220130920410e-01 9.002625942230224609e-02
-2.966991364955902100e-01 -1.490425914525985718e-01 -1.706508845090866089e-01 -1.420559454709291458e-02 -1.415238678455352783e-01 -2.229747474193572998e-01 -3.674922585487365723e-01 1.260349452495574951e-01 3.802568614482879639e-01 -8.892169571481645107e-04 -6.147213652729988098e-02 -2.275549173355102539e-01 -1.433050483465194702e-01 7.478710263967514038e-02 -1.378615349531173706e-01 -2.809345722198486328e-01 -2.955894172191619873e-01 1.386786699295043945e-01 3.072765767574310303e-01 9.189096093177795410e-02 -5.797971505671739578e-03 2.942433655261993408e-01 -1.132203638553619385e-01 -8.145747333765029907e-02
-1.543323397636413574e-01 3.592347800731658936e-01 -9.294774383306503296e-02 1.742644011974334717e-01 -3.564306348562240601e-02 -1.472147554159164429e-01 3.376921638846397400e-02 -1.688938289880752563e-01 -2.569532208144664764e-02 2.657175362110137939e-01 2.515090703964233398e-01 9.735918790102005005e-02 -1.225126013159751892e-01 4.170134291052818298e-02 2.703440785408020020e-01 -3.547812700271606445e-01 1.579090058803558350e-01 1.026914566755294800e-01 -2.223495692014694214e-01 7.785284519195556641e-02 -2.244402319192886353e-01 1.537192612886428833e-01 -2.910209894180297852e-01 3.822739124298095703e-01
2.899292297661304474e-02 1.323991566896438599e-01 1.361440420150756836e-01 -2.407872974872589111e-01 3.751699030399322510e-01 2.908554673194885254e-01 -3.948081731796264648e-01 1.308920681476593018e-01 -2.079967260360717773e-01 2.340183258056640625e-01 -9.845374524593353271e-02 1.251938492059707642e-01 -2.540785968303680420e-01 2.622509300708770752e-01 -1.471423450857400894e-02 -2.939320206642150879e-01 -2.301480472087860107e-01 -1.598393172025680542e-01 -2.216933108866214752e-02 7.045792043209075928e-02 -6.086012348532676697e-02 -1.806864738464355469e-01 2.004638463258743286e-01 5.397063866257667542e-02
1.168360859155654907e-01 -9.453550726175308228e-02 3.668253421783447266e-01 7.099751383066177368e-02 -1.155126001685857773e-02 -2.468470335006713867e-01 4.253587126731872559e-01 1.026385203003883362e-01 3.698255717754364014e-01 2.361332774162292480e-01 2.978377602994441986e-02 -5.167704448103904724e-02 8.684035390615463257e-02 2.737862989306449890e-02 -1.123777106404304504e-01 -2.443539351224899292e-01 -1.373166292905807495e-01 -4.169550910592079163e-02 3.820756915956735611e-03 1.329896301031112671e-01 -1.708126068115234375e-01 -1.312290877103805542e-01 4.421510696411132812e-01 1.684416383504867554e-01
-2.309495359659194946e-01 6.778695434331893921e-02 -3.340136110782623291e-01 -3.498164713382720947e-01 1.177736297249794006e-01 -3.202663958072662354e-01 1.038887947797775269e-01 7.373394817113876343e-02 -1.427892595529556274e-01 -1.991241127252578735e-01 3.175041079521179199e-01 2.902342751622200012e-02 -5.502469092607498169e-02 -2.195035517215728760e-01 -7.412692159414291382e-02 9.672410786151885986e-02 -2.658873498439788818e-01 -2.988487482070922852e-01 -3.059717081487178802e-02 -2.225017547607421875e-01 3.750096075236797333e-03 6.927242036908864975e-03 2.330802977085113525e-01 2.878735363483428955e-01
-4.414501786231994629e-02 2.585280537605285645e-01 -1.576970913447439671e-03 -4.013675078749656677e-02 -1.033486947417259216e-01 9.018394351005554199e-02 -5.076966807246208191e-02 -3.292036354541778564e-01 6.936687976121902466e-02 1.186071559786796570e-01 2.502990067005157471e-01 1.721517927944660187e-02 2.387636601924896240e-01 -2.644336223602294922e-01 -4.225408136844635010e-01 -2.989704012870788574e-01 3.385947272181510925e-02 -3.265779614448547363e-01 1.049689054489135742e-01 8.834604173898696899e-02 8.890879899263381958e-02 -2.404941618442535400e-01 -1.514256149530410767e-01 -3.284153342247009277e-01
-3.841819614171981812e-02 -4.378626495599746704e-02 3.048246800899505615e-01 5.565815046429634094e-02 3.486759066581726074e-01 -2.429703772068023682e-01 -6.138138473033905029e-02 2.525776624679565430e-01 -4.458077251911163330e-02 -1.648178547620773315e-01 -1.647938787937164307e-01 -2.668358087539672852e-01 -1.885772943496704102e-01 -3.392661809921264648e-01 -5.828797444701194763e-02 2.874703332781791687e-02 2.781688272953033447e-01 -3.055301010608673096e-01 4.082681983709335327e-02 2.090244591236114502e-01 -1.585955768823623657e-01 -6.762291491031646729e-02 -3.420923352241516113e-01 8.475576341152191162e-02
-2.295315861701965332e-01 5.192344188690185547e-01 4.122086800634860992e-03 1.098271682858467102e-01 -5.188961699604988098e-02 -2.794951200485229492e-02 -1.863255538046360016e-02 -6.165806576609611511e-02 6.406537443399429321e-02 1.842126250267028809e-02 7.115625590085983276e-02 -3.905522227287292480e-01 -1.730597317218780518e-01 1.132735982537269592e-01 2.629841268062591553e-01 3.450548052787780762e-01 3.875864669680595398e-02 1.106038223952054977e-02 2.308646887540817261e-01 2.198918014764785767e-01 7.050500810146331787e-02 -2.340267449617385864e-01 2.900905311107635498e-01 -1.334158480167388916e-01
7.518235594034194946e-02 -2.635720074176788330e-01 -1.665954291820526123e-01 6.453886628150939941e-02 3.190885484218597412e-01 5.345804989337921143e-02 1.758935600519180298e-01 -2.879013419151306152e-01 1.374558210372924805e-01 1.278803348541259766e-01 -2.717401646077632904e-02 -1.743592321872711182e-03 -2.644733190536499023e-01 -2.786691486835479736e-01 4.421199262142181396e-01 -2.386977225542068481e-01 3.092318400740623474e-02 -9.744841605424880981e-02 2.038186788558959961e-01 -6.260513514280319214e-02 4.085783064365386963e-01 1.507686078548431396e-02 7.328446209430694580e-02 -9.985426068305969238e-02
1.089452654123306274e-01 1.171301603317260742e-01 2.815413475036621094e-01 -5.403432250022888184e-01 1.897387951612472534e-02 -1.100053545087575912e-02 5.664389207959175110e-02 -2.751672267913818359e-01 1.770561337471008301e-01 -4.900669753551483154e-01 5.184368044137954712e-02 3.146879374980926514e-02 -3.057356178760528564e-02 1.484913080930709839e-01 4.860809072852134705e-02 -1.461519151926040649e-01 8.755144476890563965e-02 2.768851518630981445e-01 1.325874626636505127e-01 1.210838183760643005e-01 1.513441503047943115e-01 -7.955280691385269165e-02 -1.295280009508132935e-01 1.982066035270690918e-01
2.129793465137481689e-01 -1.265429556369781494e-01 -1.785782724618911743e-01 -2.102855294942855835e-01 -1.613635718822479248e-01 9.302669763565063477e-02 -2.609801888465881348e-01 1.750079989433288574e-01 -1.138902977108955383e-01 7.081092894077301025e-02 1.307367384433746338e-01 -4.598429799079895020e-01 2.212842255830764771e-01 -2.426365017890930176e-01 1.382407993078231812e-01 -2.632216215133666992e-01 3.576249182224273682e-01 2.037487924098968506e-01 -7.661626208573579788e-03 -1.028491780161857605e-01 -1.188127547502517700e-01 -1.454953104257583618e-01 2.473141402006149292e-01 9.910723567008972168e-02
1.134105101227760315e-01 2.937747836112976074e-01 1.120938137173652649e-01 7.260856777429580688e-02 3.828621208667755127e-01 -2.608155012130737305e-01 -1.928372494876384735e-02 1.913075596094131470e-01 7.479287683963775635e-02 -5.050482973456382751e-02 1.962257474660873413e-01 -3.599266707897186279e-02 -5.902950838208198547e-02 3.448763117194175720e-02 -1.524061411619186401e-01 -1.059864535927772522e-01 1.175950989127159119e-01 3.143369853496551514e-01 -2.361558973789215088e-01 -3.777396678924560547e-01 1.788155138492584229e-01 1.766154915094375610e-01 8.306916058063507080e-02 -4.039526581764221191e-01
9.560320526361465454e-02 2.607329785823822021e-01 -3.266830146312713623e-01 -1.711270809173583984e-01 2.708960473537445068e-01 9.754960983991622925e-02 9.715198539197444916e-04 -1.552670747041702271e-01 3.865731358528137207e-01 4.783607274293899536e-02 -4.631572961807250977e-01 -1.140049006789922714e-02 1.600896120071411133e-01 -2.886396348476409912e-01 -1.578293181955814362e-02 1.367657780647277832e-01 -1.390782445669174194e-01 1.406686902046203613e-01 -2.481816112995147705e-01 6.817501038312911987e-02 -2.831157445907592773e-01 2.177917631343007088e-03 5.343084223568439484e-03 5.935697350651025772e-03
