-1.035903468728065491e-01 1.054093837738037109e-01 -2.586605213582515717e-02 1.046572625637054443e-01 -1.429560780525207520e-01 2.556313574314117432e-01 -1.016980186104774475e-01 2.047467278316617012e-03 2.157379090785980225e-01 3.960696514695882797e-03 7.740204036235809326e-02 1.914663463830947876e-01 -2.138427495956420898e-01 2.102400660514831543e-01 3.333441317081451416e-01 -7.678978145122528076e-02 1.201751232147216797e-01 -1.159603446722030640e-01 4.693430960178375244e-01 -2.066984772682189941e-02 6.956034898757934570e-02 4.412224888801574707e-01 3.548794984817504883e-01 1.404376234859228134e-02
1.873670518398284912e-01 -2.600806355476379395e-01 8.654398843646049500e-03 -1.027402877807617188e-01 -2.771628201007843018e-01 2.844506204128265381e-01 1.027815043926239014e-01 1.189963445067405701e-01 1.130633354187011719e-01 3.170790970325469971e-01 -1.787008494138717651e-01 -1.213225349783897400e-02 2.420047372579574585e-01 -1.485523879528045654e-01 -9.563394635915756226e-02 1.809997409582138062e-01 -3.065751492977142334e-01 -1.968721449375152588e-01 1.821649372577667236e-01 1.561651676893234253e-01 1.201235204935073853e-01 2.570350766181945801e-01 -3.140574693679809570e-01 -2.584061622619628906e-01
3.256559371948242188e-01 1.392457336187362671e-01 2.009871602058410645e-01 5.938374996185302734e-02 -1.405886560678482056e-01 -2.550526559352874756e-01 -3.222813606262207031e-01 -1.780947111546993256e-02 3.632141947746276855e-01 -1.536561250686645508e-01 -2.795032858848571777e-01 -2.677756175398826599e-02 8.653784543275833130e-02 -1.779910624027252197e-01 1.678244769573211670e-02 1.009745895862579346e-01 6.477201730012893677e-02 -1.888581216335296631e-01 2.791329622268676758e-01 -3.423295319080352783e-01 9.677992761135101318e-02 -2.351191192865371704e-01 -1.023531183600425720e-01 2.180023342370986938e-01
1.241994500160217285e-01 4.348054528236389160e-02 -1.986139863729476929e-01 -1.201303526759147644e-01 3.082526922225952148e-01 -8.818151801824569702e-02 -2.570013701915740967e-01 -1.034913063049316406e-01 -1.747896075248718262e-01 3.547634780406951904e-01 1.698865592479705811e-01 1.637143194675445557e-01 6.273450702428817749e-02 -1.162288635969161987e-01 2.347140610218048096e-01 -2.492459863424301147e-01 -2.266710102558135986e-01 -3.859949707984924316e-01 1.154620125889778137e-01 -9.888355433940887451e-02 -4.080383181571960449e-01 -9.512276202440261841e-02 -3.974903002381324768e-02 -4.373788461089134216e-02
3.363365530967712402e-01 6.947514414787292480e-02 4.616401717066764832e-02 -4.159009456634521484e-02 1.319307088851928711e-01 -2.838883101940155029e-01 3.287760615348815918e-01 -3.348497748374938965e-01 1.221507415175437927e-01 -2.319021821022033691e-01 1.864698529243469238e-01 -3.978966474533081055e-01 -2.942943274974822998e-01 5.973639711737632751e-02 8.333411067724227905e-02 5.181520432233810425e-02 -2.957453131675720215e-01 -8.171454071998596191e-02 9.154778718948364258e-02 3.887334838509559631e-02 -3.612871048972010612e-03 1.896018683910369873e-01 -1.319695846177637577e-03 -2.416116744279861450e-01
-3.966036438941955566e-01 -4.571461305022239685e-02 -3.771057724952697754e-02 3.128045499324798584e-01 -4.094258323311805725e-02 -3.831512033939361572e-01 7.223978638648986816e-02 1.171334087848663330e-01 1.162256374955177307e-01 -8.530598133802413940e-03 9.710502810776233673e-03 -9.437955915927886963e-03 2.450818754732608795e-02 -3.360418975353240967e-01 -2.444377094507217407e-01 -2.225940302014350891e-02 4.687196016311645508e-02 -4.923024773597717285e-01 -7.528182864189147949e-02 1.089452430605888367e-01 5.964168906211853027e-02 9.251988679170608521e-02 2.639981806278228760e-01 -2.061191797256469727e-01
-3.348377943038940430e-01 4.358665049076080322e-01 -3.013822622597217560e-02 1.287346780300140381e-01 9.007402695715427399e-03 1.479772571474313736e-02 1.118449419736862183e-01 -1.772577911615371704e-01 -1.099634543061256409e-01 1.493162661790847778e-01 -4.096806049346923828e-02 -9.247883409261703491e-02 2.231059521436691284e-01 1.967499498277902603e-03 -6.233403924852609634e-03 -2.800709800794720650e-03 -3.284348547458648682e-01 6.447598338127136230e-02 -9.047676622867584229e-02 -5.029053092002868652e-01 2.047007530927658081e-01 2.835105955600738525e-01 -1.546708345413208008e-01 1.497277617454528809e-01
-1.360481232404708862e-01 1.636792868375778198e-01 -2.037856131792068481e-01 1.399113982915878296e-01 -2.833746001124382019e-02 -9.330309927463531494e-02 1.817498505115509033e-01 -3.306800872087478638e-02 9.279986470937728882e-02 -2.870026528835296631e-01 -5.245594773441553116e-03 1.180029883980751038e-01 1.635731011629104614e-01 -1.628303080797195435e-01 3.675422966480255127e-01 -5.640720576047897339e-02 -1.106532174162566662e-03 -2.781552262604236603e-02 7.857953757047653198e-02 4.819601476192474365e-01 -6.853673607110977173e-02 3.718560561537742615e-02 -4.450212121009826660e-01 3.318561911582946777e-01
1.336932033300399780e-01 2.325469702482223511e-01 1.997197279706597328e-03 -3.821167349815368652e-01 -1.861283183097839355e-01 -3.901888728141784668e-01 -1.068092882633209229e-01 1.297268867492675781e-01 -2.511988021433353424e-02 -1.115981768816709518e-02 -1.307642310857772827e-01 1.221597492694854736e-01 3.313871324062347412e-01 3.957814350724220276e-02 3.287214934825897217e-01 3.984578698873519897e-02 1.046779900789260864e-01 1.271805912256240845e-01 -2.959768772125244141e-01 7.571164518594741821e-02 2.597911655902862549e-02 2.615262269973754883e-01 1.949037462472915649e-01 -2.925233840942382812e-01
-2.460855804383754730e-02 -1.422489583492279053e-01 8.859933912754058838e-02 -2.815189361572265625e-01 -2.172526419162750244e-01 2.428275048732757568e-01 3.380815312266349792e-02 -1.096488535404205322e-01 -3.555584251880645752e-01 -3.289099335670471191e-01 -1.282711774110794067e-01 -2.651388049125671387e-01 7.833871245384216309e-02 -4.699990153312683105e-01 8.644509315490722656e-02 -2.407548576593399048e-01 -7.295750826597213745e-02 -7.437805086374282837e-02 5.517072230577468872e-02 -5.766630172729492188e-02 -6.996405124664306641e-02 6.689444184303283691e-02 3.022491335868835449e-01 2.023644000291824341e-01
-6.152426823973655701e-02 1.863790862262248993e-02 -2.332967519760131836e-01 -1.270802915096282959e-01 -2.115712612867355347e-01 1.405699849128723145e-01 -7.400309294462203979e-02 3.643292784690856934e-01 3.041355311870574951e-01 -8.189248293638229370e-02 4.619782269001007080e-01 -3.859251737594604492e-01 1.893939524888992310e-01 1.982590258121490479e-01 1.061687022447586060e-01 3.400451689958572388e-02 -1.864007711410522461e-01 -1.715271323919296265e-01 -1.612928658723831177e-01 -6.422056257724761963e-02 1.054342463612556458e-02 -2.237014770507812500e-01 1.023019105195999146e-01 1.358624547719955444e-01
-1.595649123191833496e-01 1.267843097448348999e-01 -7.316908985376358032e-02 1.200780272483825684e-01 -1.694425195455551147e-01 7.265872508287429810e-02 -3.220138847827911377e-01 -3.084531426429748535e-01 2.179419249296188354e-01 1.229535862803459167e-01 -4.362070858478546143e-01 -2.443898618221282959e-01 -6.797363609075546265e-02 1.772696673870086670e-01 -3.263656049966812134e-02 -2.395036369562149048e-01 -2.881081700325012207e-01 1.190593913197517395e-01 -1.222729384899139404e-01 3.352861106395721436e-01 -1.304339915513992310e-01 -1.658635735511779785e-01 1.431957185268402100e-01 -9.590068459510803223e-02
-1.500765681266784668e-01 -4.273336380720138550e-02 5.585736632347106934e-01 -1.811554729938507080e-01 8.845353126525878906e-02 1.105224415659904480e-01 1.018131002783775330e-01 -3.821976110339164734e-02 1.602981090545654297e-01 -1.875305664725601673e-03 6.775332242250442505e-02 2.042053043842315674e-01 -8.287192136049270630e-02 5.276495590806007385e-02 2.403188198804855347e-01 -3.801285326480865479e-01 -1.076545342803001404e-01 -2.184152156114578247e-01 -2.098859101533889771e-01 2.893613651394844055e-02 3.745959401130676270e-01 -2.125457823276519775e-01 -1.239756494760513306e-01 -1.000957861542701721e-01
-2.282261401414871216e-01 5.482872948050498962e-02 -2.817555144429206848e-02 -1.381750255823135376e-01 1.359512954950332642e-01 2.980568706989288330e-01 -2.120701670646667480e-01 -1.228619813919067383e-01 1.772117018699645996e-01 -5.248159766197204590e-01 -8.325257338583469391e-03 1.144495159387588501e-01 7.451125979423522949e-02 1.116046682000160217e-02 -1.289419382810592651e-01 1.230055391788482666e-01 7.588225603103637695e-02 -1.035660728812217712e-01 -7.696675509214401245e-02 -1.815510988235473633e-01 -3.112778365612030029e-01 9.269675612449645996e-02 -2.458117604255676270e-01 -4.229841232299804688e-01
-8.810228854417800903e-02 1.249400302767753601e-01 -7.747565209865570068e-02 3.788191080093383789e-02 -3.863257169723510742e-01 -5.731720849871635437e-02 3.850475847721099854e-01 2.060307562351226807e-01 -2.533114850521087646e-01 -3.609872423112392426e-03 -2.671989798545837402e-01 -6.118141114711761475e-02 -1.772930026054382324e-01 2.556953728199005127e-01 1.507190316915512085e-01 -1.330306082963943481e-01 1.333235502243041992e-01 -1.710764616727828979e-01 1.537012755870819092e-01 -2.247064858675003052e-01 -2.263593971729278564e-01 -2.947358489036560059e-01 -1.648491173982620239e-01 -2.509190738201141357e-01
2.282887548208236694e-01 -1.860711425542831421e-01 -1.258092522621154785e-01 4.599787592887878418e-01 -1.985466629266738892e-01 -7.776724640280008316e-03 -3.957683444023132324e-01 -3.846755996346473694e-02 -3.990550935268402100e-01 -2.338790297508239746e-01 1.341357231140136719e-01 5.269271787256002426e-03 -1.211693137884140015e-02 1.197489649057388306e-01 1.319780051708221436e-01 -1.308254152536392212e-01 -5.015289783477783203e-02 -9.151094406843185425e-02 -1.743423640727996826e-01 -3.659591078758239746e-02 3.212072551250457764e-01 7.881239056587219238e-02 -1.667703837156295776e-01 -1.656899899244308472e-01
-1.970330327749252319e-01 2.308891564607620239e-01 2.265370935201644897e-01 -9.553111158311367035e-03 -3.157545626163482666e-01 -4.148424416780471802e-02 -2.219540625810623169e-01 -9.486383944749832153e-02 -7.964180409908294678e-02 1.959270089864730835e-01 4.396211206912994385e-01 -1.123889088630676270e-01 -1.451299041509628296e-01 -3.661200702190399170e-01 6.062883138656616211e-02 1.221795231103897095e-01 8.515414595603942871e-02 2.985610067844390869e-01 2.197106182575225830e-01 9.556715935468673706e-02 -3.416584432125091553e-02 -1.605424880981445312e-01 -1.569627821445465088e-01 -2.589603662490844727e-01
3.261096030473709106e-02 1.515464037656784058e-01 5.525600314140319824e-01 1.846412271261215210e-01 1.130277141928672791e-01 5.101909860968589783e-02 -1.564645469188690186e-01 3.390027284622192383e-01 -1.595357656478881836e-01 4.927123710513114929e-02 -6.194234639406204224e-02 -3.050157427787780762e-01 -5.619121342897415161e-02 1.278290152549743652e-01 3.285701200366020203e-02 1.095245778560638428e-01 3.532972559332847595e-02 -1.608772426843643188e-01 -1.386900246143341064e-01 1.447297185659408569e-01 -3.587064146995544434e-01 2.984429895877838135e-01 -1.098951399326324463e-01 1.652954667806625366e-01
1.917933672666549683e-01 2.289146184921264648e-02 3.234386444091796875e-02 2.616594135761260986e-01 -1.524859964847564697e-01 2.809738218784332275e-01 2.159640789031982422e-01 -4.251209795475006104e-01 1.315476894378662109e-01 2.063100636005401611e-01 5.577227473258972168e-02 -9.694324689917266369e-04 1.123512014746665955e-01 -1.187053769826889038e-01 2.433757483959197998e-01 2.440066337585449219e-01 3.322734534740447998e-01 -1.820173561573028564e-01 -4.009913504123687744e-01 -7.430788874626159668e-02 -1.515735983848571777e-01 -7.960876822471618652e-02 1.251956671476364136e-01 1.761461608111858368e-02
-2.893374860286712646e-01 -3.243445456027984619e-01 2.063318789005279541e-01 6.775524467229843140e-02 6.417952477931976318e-02 -1.366254091262817383e-01 -1.452046539634466171e-02 -1.460122317075729370e-01 -1.841545999050140381e-01 -9.394220262765884399e-02 -4.774678871035575867e-02 6.341174989938735962e-02 2.330200672149658203e-01 2.124755233526229858e-01 3.018632829189300537e-01 5.209568738937377930e-01 -2.844947576522827148e-01 3.421290079131722450e-03 1.978654265403747559e-01 1.074174419045448303e-02 -4.208122193813323975e-02 -2.267617583274841309e-01 1.875597983598709106e-01 -4.338975995779037476e-03
7.278349995613098145e-02 3.362448513507843018e-01 -1.679008156061172485e-01 -4.111899808049201965e-02 1.156596690416336060e-01 2.104992866516113281e-01 -4.761753976345062256e-02 2.518805563449859619e-01 -1.079130768775939941e-01 -6.111846119165420532e-02 -1.822842210531234741e-01 1.677161306142807007e-01 -4.574876129627227783e-01 -2.538303136825561523e-01 1.369763761758804321e-01 4.013918042182922363e-01 -2.716392278671264648e-01 -1.026812195777893066e-01 -1.888383030891418457e-01 7.426920533180236816e-02 1.837472617626190186e-01 -1.544042080640792847e-01 1.191001683473587036e-01 -2.696042321622371674e-02
-9.306472539901733398e-02 -1.227170452475547791e-01 1.574960350990295410e-02 -2.927485108375549316e-01 -4.511016011238098145e-01 -2.027692347764968872e-01 -9.788025915622711182e-02 -2.274759709835052490e-01 -3.038085252046585083e-02 6.928541231900453568e-03 1.142880022525787354e-01 2.775138914585113525e-01 -3.423436582088470459e-01 1.658978909254074097e-01 -2.146244496107101440e-01 1.445610374212265015e-01 -1.166091933846473694e-01 -1.969613581895828247e-01 -2.111581265926361084e-01 -1.031787134706974030e-02 -1.431809961795806885e-01 1.646527051925659180e-01 -1.301425993442535400e-01 3.464566767215728760e-01
-8.384133875370025635e-02 2.258870005607604980e-01 -9.640771895647048950e-02 -3.063520789146423340e-01 1.378427594900131226e-01 5.741435289382934570e-02 -1.242190524935722351e-01 -2.367757707834243774e-01 -2.534111440181732178e-01 7.582072168588638306e-02 -3.953065350651741028e-02 -2.758609354496002197e-01 8.815698325634002686e-02 2.198290973901748657e-01 -1.272448897361755371e-01 1.650563776493072510e-01 3.684741854667663574e-01 -3.804641962051391602e-01 1.618211567401885986e-01 2.334573715925216675e-01 3.539081513881683350e-01 -6.541068851947784424e-02 -7.831612974405288696e-02 3.118593245744705200e-02
-2.608743011951446533e-01 -4.115045666694641113e-01 -1.821126788854598999e-01 -1.247629374265670776e-01 1.482730805873870850e-01 -1.152464374899864197e-01 -1.431605368852615356e-01 4.486590623855590820e-02 1.473303139209747314e-01 1.715992242097854614e-01 -1.920248866081237793e-01 -3.337674736976623535e-01 -3.077127039432525635e-01 -1.407412737607955933e-01 3.795204758644104004e-01 5.502761900424957275e-02 2.092616111040115356e-01 7.440795004367828369e-02 -1.318463683128356934e-01 -2.063190937042236328e-01 7.924415916204452515e-02 1.534708440303802490e-01 -2.362046688795089722e-01 1.462254859507083893e-02
