-8.561263978481292725e-02 -1.293505579233169556e-01 -3.066390156745910645e-01 -1.275294721126556396e-01 -2.470980212092399597e-02 -5.020837113261222839e-02 -1.351912766695022583e-01 -2.699962258338928223e-01 1.590991914272308350e-01 1.836604028940200806e-01 -1.024439707398414612e-01 -3.053291328251361847e-02 -4.018905460834503174e-01 1.924403011798858643e-01 -2.786069810390472412e-01 1.799022704362869263e-01 1.737241744995117188e-01 4.947326704859733582e-02 1.794786304235458374e-01 1.837940663099288940e-01 -3.691432476043701172e-01 1.804099977016448975e-01 3.526504933834075928e-01 2.318355441093444824e-02
2.059787809848785400e-01 -4.855576753616333008e-01 -2.367664128541946411e-01 1.598773407749831676e-03 -1.714562252163887024e-02 -1.892959773540496826e-01 2.225841283798217773e-01 1.235973089933395386e-01 -5.280574411153793335e-02 1.854988932609558105e-01 4.221782553941011429e-03 1.528786718845367432e-01 5.636313930153846741e-02 7.051662355661392212e-02 -8.497840166091918945e-02 -5.906162783503532410e-02 -1.073950529098510742e-01 -3.904743120074272156e-03 -2.522581629455089569e-02 -3.541434407234191895e-01 2.755824625492095947e-01 1.557992696762084961e-01 1.779245585203170776e-01 4.646208584308624268e-01
6.850540637969970703e-03 2.694251239299774170e-01 -2.865020036697387695e-01 4.051735401153564453e-01 2.018937021493911743e-01 -2.645064592361450195e-01 -2.022400200366973877e-01 1.940803825855255127e-01 -1.364327222108840942e-01 -1.117992401123046875e-01 -7.797123491764068604e-02 -7.292982190847396851e-02 -3.480983972549438477e-01 3.352336585521697998e-01 6.041552126407623291e-02 -2.717651128768920898e-01 4.008447378873825073e-02 -8.453883975744247437e-02 3.272152319550514221e-02 -2.852495312690734863e-01 -5.793489888310432434e-02 2.732306160032749176e-02 -2.072007954120635986e-01 -4.778083413839340210e-03
3.131673634052276611e-01 5.530061200261116028e-02 2.877503335475921631e-01 -1.543468236923217773e-01 -3.927637636661529541e-01 4.634257405996322632e-02 2.851017634384334087e-04 -1.290345937013626099e-01 5.936635285615921021e-02 -1.964127570390701294e-01 1.352795362472534180e-01 -2.421295046806335449e-01 -1.704458743333816528e-01 -4.714225605130195618e-02 -2.706482410430908203e-01 -2.510975599288940430e-01 1.339276134967803955e-01 -6.629154086112976074e-02 3.396495282649993896e-01 -2.936687767505645752e-01 -1.184945553541183472e-01 -1.931524276733398438e-01 -1.051496490836143494e-01 2.150349020957946777e-01
2.686584889888763428e-01 -2.169265151023864746e-01 3.783901035785675049e-01 2.581422924995422363e-01 3.552950024604797363e-01 2.085054367780685425e-01 1.120453476905822754e-01 -8.856572210788726807e-02 -1.246201321482658386e-01 -2.169043719768524170e-01 9.066649526357650757e-02 -9.974410757422447205e-03 -3.631516173481941223e-02 1.245227977633476257e-01 -1.550470143556594849e-01 2.593958079814910889e-01 1.123590767383575439e-01 -6.219948455691337585e-02 -5.287260934710502625e-02 -2.512921988964080811e-01 -1.096238419413566589e-01 3.415367901325225830e-01 1.085012331604957581e-01 -2.809269130229949951e-01
3.884188830852508545e-01 2.899569272994995117e-01 4.398927092552185059e-03 -8.066186308860778809e-02 7.123174611479043961e-03 1.266397982835769653e-01 -1.813099533319473267e-01 1.060166731476783752e-01 -6.531858444213867188e-02 3.684894144535064697e-01 1.410024166107177734e-01 -1.017622426152229309e-01 -8.619844168424606323e-02 1.388105750083923340e-01 -8.859740197658538818e-02 1.482835412025451660e-01 -5.054444074630737305e-01 1.605845987796783447e-01 -1.103233024477958679e-01 -1.291549205780029297e-01 4.466279968619346619e-02 -2.315698117017745972e-01 2.814428210258483887e-01 -1.629770100116729736e-01
2.530949115753173828e-01 -1.483712997287511826e-02 -2.180886864662170410e-01 -4.397539794445037842e-01 -6.530411541461944580e-02 1.059649214148521423e-01 -1.315725594758987427e-01 8.722843229770660400e-02 -8.926527202129364014e-02 -2.705110311508178711e-01 5.736210569739341736e-02 -1.112824156880378723e-01 1.602259576320648193e-01 3.273112475872039795e-01 3.837963342666625977e-01 2.678079307079315186e-01 -7.314178347587585449e-02 -2.530809119343757629e-02 2.275706641376018524e-02 2.152269333600997925e-02 -2.135729789733886719e-01 2.557754516601562500e-01 -2.546183764934539795e-01 1.512695848941802979e-01
3.004287779331207275e-01 -7.524620741605758667e-02 1.586768925189971924e-01 -1.622891873121261597e-01 3.619981706142425537e-01 1.205128580331802368e-01 1.450294535607099533e-02 -1.244306191802024841e-02 -4.257743060588836670e-01 3.402329981327056885e-01 -6.097342446446418762e-02 8.928299695253372192e-02 -1.097176894545555115e-01 -3.832321614027023315e-03 1.041191071271896362e-01 -3.710598647594451904e-01 1.965786218643188477e-01 -8.593131601810455322e-02 5.673978105187416077e-02 3.720000386238098145e-01 -1.133532300591468811e-01 -7.717384397983551025e-02 -8.029649406671524048e-02 1.563324630260467529e-01
1.662639677524566650e-01 -2.783615887165069580e-01 -1.468707621097564697e-01 1.015407741069793701e-01 -3.171994388103485107e-01 -1.210590638220310211e-02 2.410630509257316589e-02 1.253845244646072388e-01 -2.474662363529205322e-01 -9.133243560791015625e-02 -1.643685549497604370e-01 7.538523524999618530e-03 -1.074356138706207275e-01 4.906565696001052856e-02 -1.216562315821647644e-01 2.408276498317718506e-02 -1.833765357732772827e-01 -7.984334975481033325e-02 3.928391039371490479e-01 3.161818385124206543e-01 3.239524662494659424e-01 5.438696593046188354e-02 -1.395628154277801514e-01 -4.452681243419647217e-01
1.342098880559206009e-02 1.166105270385742188e-01 -1.994062662124633789e-01 2.870662212371826172e-01 -1.950910836458206177e-01 5.268955826759338379e-01 -2.253306508064270020e-01 -7.291182875633239746e-02 -1.299319118261337280e-01 -1.525986343622207642e-01 2.605886943638324738e-02 -3.822250757366418839e-03 1.810594797134399414e-01 -7.055865973234176636e-02 -1.367286443710327148e-01 -3.410915732383728027e-01 -5.519399419426918030e-02 2.368290126323699951e-01 -1.063165515661239624e-01 1.264277100563049316e-01 2.269491367042064667e-02 3.526836037635803223e-01 1.640566289424896240e-01 2.009576261043548584e-01
-1.598400026559829712e-01 -3.011573851108551025e-01 -8.389348164200782776e-03 2.562843859195709229e-01 -9.354472160339355469e-02 7.107774168252944946e-02 -3.680379092693328857e-01 -4.434102177619934082e-01 -1.305682361125946045e-01 3.626201450824737549e-01 3.105537891387939453e-01 -1.557297259569168091e-01 1.178982034325599670e-01 8.915521204471588135e-02 2.053815722465515137e-01 1.279457956552505493e-01 5.574264749884605408e-02 -1.886385306715965271e-02 8.500190824270248413e-02 -1.428452581167221069e-01 7.155553251504898071e-02 -1.288338303565979004e-01 -2.639511525630950928e-01 -4.148946143686771393e-03
-7.401288300752639771e-02 1.591710597276687622e-01 2.067781239748001099e-01 3.762495517730712891e-02 -4.806862473487854004e-01 -3.291834518313407898e-02 2.399478852748870850e-01 -8.788427710533142090e-02 -1.266597658395767212e-01 3.440978229045867920e-01 -1.660880893468856812e-01 2.246393114328384399e-01 -4.015916213393211365e-02 1.872521936893463135e-01 -3.072481229901313782e-02 -4.270979762077331543e-02 -1.113321557641029358e-01 -2.521316409111022949e-01 -3.066898584365844727e-01 -7.758899778127670288e-02 -2.422418147325515747e-01 3.097787201404571533e-01 -2.022780478000640869e-01 -6.347975134849548340e-02
-1.921099573373794556e-01 -9.224683046340942383e-02 2.205701321363449097e-01 -1.293268203735351562e-01 2.406138181686401367e-01 2.147265942767262459e-03 -1.527943015098571777e-01 9.923422709107398987e-03 2.331094741821289062e-01 8.212134242057800293e-03 1.508268620818853378e-02 -3.411137759685516357e-01 -1.212485134601593018e-01 1.391606181859970093e-01 -3.484802246093750000e-01 -7.256883382797241211e-02 -3.683035075664520264e-01 -2.069927304983139038e-01 -1.395879834890365601e-01 2.281754761934280396e-01 2.323614358901977539e-01 2.232150733470916748e-01 -2.785314619541168213e-01 2.113278210163116455e-01
2.690070867538452148e-01 5.006056278944015503e-03 -2.861607074737548828e-01 2.521859705448150635e-01 -1.700343377888202667e-02 -6.180963944643735886e-03 9.150952845811843872e-02 -1.234357282519340515e-01 -8.466511964797973633e-02 -1.549124568700790405e-01 1.368549764156341553e-01 1.909855939447879791e-02 -2.266778498888015747e-01 -4.384953677654266357e-01 -1.103336438536643982e-01 3.134000599384307861e-01 -1.181818842887878418e-01 -2.765193879604339600e-01 -2.967509925365447998e-01 1.892364919185638428e-01 -1.589785963296890259e-01 -1.720017641782760620e-01 -2.006493508815765381e-01 2.108364552259445190e-01
2.026262134313583374e-01 -2.810797467827796936e-02 2.227104604244232178e-01 9.748479723930358887e-02 3.446317836642265320e-02 -5.590183734893798828e-01 -3.042769134044647217e-01 -2.280110865831375122e-01 -2.874871529638767242e-02 -1.112555414438247681e-01 -1.727012246847152710e-01 1.942403912544250488e-01 2.191396504640579224e-01 -1.516371816396713257e-01 -5.280404910445213318e-02 -3.421545028686523438e-02 -2.690798044204711914e-01 3.478795289993286133e-01 7.468783855438232422e-02 9.971524029970169067e-02 -2.191364467144012451e-01 1.398610472679138184e-01 -6.621602177619934082e-02 6.434506177902221680e-02
2.331401407718658447e-01 1.590670645236968994e-01 -1.102145314216613770e-01 1.333538442850112915e-01 9.073320776224136353e-02 1.963159628212451935e-02 -9.778627753257751465e-02 -1.867312043905258179e-01 2.166302502155303955e-01 7.541633397340774536e-02 -4.076858758926391602e-01 -1.086834445595741272e-01 4.709563553333282471e-01 6.099542230367660522e-02 -1.839358359575271606e-02 1.737043960019946098e-03 4.184856265783309937e-02 -5.647916197776794434e-01 1.514341235160827637e-01 -1.001563854515552521e-02 3.686195239424705505e-02 -6.503000855445861816e-02 1.767436116933822632e-01 1.633833535015583038e-02
2.501147687435150146e-01 1.573790311813354492e-01 -4.235207661986351013e-02 1.636123210191726685e-01 -6.794068217277526855e-02 -2.016504704952239990e-01 3.546141088008880615e-01 -8.360960334539413452e-02 8.180218189954757690e-02 1.857324689626693726e-01 -5.967356637120246887e-02 -5.728431344032287598e-01 6.042143329977989197e-02 3.732602298259735107e-02 7.318610697984695435e-02 7.748283445835113525e-02 2.795676887035369873e-01 3.550897836685180664e-01 -1.270617991685867310e-01 1.814029365777969360e-01 1.705183237791061401e-01 1.675045937299728394e-01 -7.952379435300827026e-02 5.671797320246696472e-03
2.185737490653991699e-01 1.409053206443786621e-01 -4.800285398960113525e-02 1.353610157966613770e-01 5.190877988934516907e-02 3.510120511054992676e-02 -1.460827142000198364e-02 2.489580959081649780e-01 4.880099296569824219e-01 2.605958282947540283e-01 4.194216132164001465e-01 3.511269092559814453e-01 8.093927055597305298e-02 -3.313710168004035950e-02 -7.029780000448226929e-02 1.041802112013101578e-02 1.264337897300720215e-01 -6.573074031621217728e-03 2.808450758457183838e-01 1.235022768378257751e-01 -2.173222601413726807e-02 2.270457148551940918e-01 -2.542199194431304932e-01 -2.916965074837207794e-02
-1.860685646533966064e-01 1.735969781875610352e-01 1.634353026747703552e-02 1.175312846899032593e-01 8.500650525093078613e-03 -2.448641955852508545e-01 3.109974265098571777e-01 -8.713875710964202881e-02 -2.674412727355957031e-01 -1.347471028566360474e-01 5.202583670616149902e-01 -6.135784834623336792e-02 2.119071632623672485e-01 2.537556290626525879e-01 -3.831549361348152161e-02 -3.571552038192749023e-02 -1.785039752721786499e-01 -1.847175806760787964e-01 2.189593613147735596e-01 2.441608011722564697e-01 -9.809394180774688721e-02 -8.375941775739192963e-03 2.903088629245758057e-01 1.146707907319068909e-01
1.196067184209823608e-01 -2.986171841621398926e-01 -2.455787919461727142e-02 -1.353595871478319168e-02 -9.133770316839218140e-02 -1.410236060619354248e-01 -6.925965845584869385e-02 5.890201032161712646e-02 2.560735940933227539e-01 -1.658724807202816010e-02 2.151655703783035278e-01 -2.412123680114746094e-01 -9.740079194307327271e-02 -2.075200825929641724e-01 3.714897036552429199e-01 -4.248725771903991699e-01 -1.261493563652038574e-01 -2.152872234582901001e-01 -2.027500718832015991e-01 2.830552868545055389e-02 -1.974824219942092896e-01 1.508139222860336304e-01 2.491496950387954712e-01 -2.997449934482574463e-01
1.354286074638366699e-01 -4.656652733683586121e-02 2.966227531433105469e-01 1.419131606817245483e-01 -2.707469165325164795e-01 -1.341405212879180908e-01 -3.513418734073638916e-01 1.897769272327423096e-01 5.589700862765312195e-02 -1.316224187612533569e-01 6.152134761214256287e-02 1.455248147249221802e-01 -1.047695279121398926e-01 2.916826307773590088e-01 8.154243975877761841e-02 1.515571326017379761e-01 3.178096413612365723e-01 -1.037762463092803955e-01 -2.920073568820953369e-01 2.830785810947418213e-01 2.468414306640625000e-01 -1.266492009162902832e-01 2.502763867378234863e-01 1.809519678354263306e-01
-1.147367805242538452e-02 3.281835913658142090e-01 -4.277134314179420471e-02 -3.028173744678497314e-01 1.429883111268281937e-02 -2.048403769731521606e-01 -2.273297607898712158e-01 -1.405863314867019653e-01 -2.640707194805145264e-01 4.874818772077560425e-02 1.585959643125534058e-01 1.883087679743766785e-02 -1.095354408025741577e-01 -3.607469201087951660e-01 -5.995373707264661789e-03 7.684072852134704590e-02 1.855489015579223633e-01 -2.003606408834457397e-01 2.987943030893802643e-02 -1.521549224853515625e-01 3.876844346523284912e-01 4.131665527820587158e-01 1.177567541599273682e-01 -7.645794004201889038e-02
8.225889503955841064e-02 -9.965533763170242310e-02 -2.693082094192504883e-01 -2.385974824428558350e-01 1.952375657856464386e-02 -1.473065316677093506e-01 -7.559792697429656982e-02 -3.360735252499580383e-02 -7.657268643379211426e-02 -5.799505859613418579e-02 1.915381401777267456e-01 4.377923533320426941e-02 3.283835947513580322e-01 1.639464199542999268e-01 -4.926482141017913818e-01 -1.912035793066024780e-01 2.454590350389480591e-01 2.251091599464416504e-02 -3.877646923065185547e-01 -2.424310147762298584e-02 -4.286591336131095886e-02 -1.634400635957717896e-01 -1.485503166913986206e-01 -3.174787759780883789e-01
1.634926795959472656e-01 9.676692634820938110e-02 -7.303254306316375732e-02 -8.718106895685195923e-02 8.230038732290267944e-02 6.360971182584762573e-02 2.043647170066833496e-01 -6.051056385040283203e-01 2.440717816352844238e-01 -2.036099880933761597e-01 3.488520532846450806e-02 3.210188448429107666e-01 -2.178896069526672363e-01 2.463108152151107788e-01 1.889699548482894897e-01 -1.882694512605667114e-01 -1.144720613956451416e-01 6.771475821733474731e-02 -9.195800870656967163e-02 4.209461435675621033e-02 3.298037946224212646e-01 -6.700372695922851562e-02 -3.755990043282508850e-02 -7.105236500501632690e-02
