-2.695309221744537354e-01 -8.529157936573028564e-02 -3.056586906313896179e-02 -8.606562763452529907e-02 1.360757499933242798e-01 4.075275361537933350e-02 5.270419642329216003e-02 -2.616822421550750732e-01 1.003346592187881470e-02 1.783186569809913635e-02 1.642961651086807251e-01 -1.384382247924804688e-01 1.903223246335983276e-01 3.516077101230621338e-01 -7.906745374202728271e-02 3.787371143698692322e-02 1.870698630809783936e-01 1.545072197914123535e-01 2.521922290325164795e-01 4.745138585567474365e-01 -9.080594778060913086e-02 -1.647256463766098022e-01 -2.582298517227172852e-01 -3.955952823162078857e-01
-2.225511223077774048e-01 -1.764607876539230347e-01 1.018659099936485291e-01 -2.601937949657440186e-01 -3.634425103664398193e-01 5.170816183090209961e-01 1.721867471933364868e-01 4.958068430423736572e-01 1.810493320226669312e-02 1.715484112501144409e-01 4.756548441946506500e-03 5.201582238078117371e-02 1.066544875502586365e-01 3.840907663106918335e-02 7.915133237838745117e-02 1.234751418232917786e-01 -2.290889173746109009e-01 -6.391036510467529297e-02 6.868461519479751587e-02 4.881692584604024887e-03 -1.187133789062500000e-01 -1.111475825309753418e-01 -1.081565767526626587e-01 -4.469277337193489075e-03
-3.952904641628265381e-01 -1.988502033054828644e-02 -1.440783292055130005e-01 -3.186758235096931458e-02 4.665454477071762085e-02 1.884902454912662506e-02 1.189843416213989258e-01 2.994436025619506836e-02 -1.913694143295288086e-01 -1.701427847146987915e-01 1.218508929014205933e-01 4.706872999668121338e-02 2.649819254875183105e-01 -1.076561808586120605e-01 2.286775410175323486e-01 -8.638420701026916504e-02 1.916987597942352295e-01 6.008497476577758789e-01 -3.314745128154754639e-01 -2.414909303188323975e-01 -5.865037441253662109e-03 7.019825279712677002e-02 1.267286483198404312e-02 9.332935512065887451e-02
-6.154969334602355957e-02 1.733250766992568970e-01 3.101788461208343506e-01 3.085585236549377441e-01 8.412252366542816162e-02 4.116047918796539307e-01 -4.043463990092277527e-02 -2.923169545829296112e-02 6.748551037162542343e-03 1.312848478555679321e-01 -3.089935183525085449e-01 -5.895942822098731995e-02 -2.078376561403274536e-01 -1.749619543552398682e-01 6.960683315992355347e-02 -2.107865810394287109e-01 2.130168527364730835e-01 2.584400400519371033e-02 -3.824960887432098389e-01 2.162858396768569946e-01 3.045549802482128143e-02 -2.201680094003677368e-01 9.435942023992538452e-02 -2.429308444261550903e-01
2.716220021247863770e-01 1.087619736790657043e-01 -2.979915142059326172e-01 7.549501955509185791e-02 5.693040415644645691e-02 3.144731521606445312e-01 1.038228273391723633e-01 -1.757587939500808716e-01 1.278569083660840988e-02 1.402579098939895630e-01 5.583736300468444824e-02 3.882007598876953125e-01 -1.810603141784667969e-01 -1.908839195966720581e-01 4.761917144060134888e-02 -1.808931082487106323e-01 -7.301294803619384766e-02 2.438562512397766113e-01 1.651374995708465576e-01 2.196799665689468384e-01 -2.412864267826080322e-01 1.859382688999176025e-01 -3.411714434623718262e-01 2.207027673721313477e-01
-2.551175057888031006e-01 1.037629917263984680e-01 9.440340846776962280e-02 6.231684982776641846e-02 -2.416333109140396118e-01 -1.198254749178886414e-01 -3.357943594455718994e-01 3.568370640277862549e-02 -2.768075168132781982e-01 -3.650434017181396484e-01 3.045077435672283173e-02 2.058351188898086548e-01 -3.781722784042358398e-01 3.845104947686195374e-02 3.140144646167755127e-01 9.396649152040481567e-02 1.623781770467758179e-01 -1.513325870037078857e-01 1.303548961877822876e-01 4.023174569010734558e-02 -4.383101314306259155e-02 -1.979178488254547119e-01 -3.080286979675292969e-01 1.249857768416404724e-01
1.359593123197555542e-01 1.573507636785507202e-01 1.769903600215911865e-01 -3.502546250820159912e-01 1.465964913368225098e-01 2.089872807264328003e-01 -3.343724012374877930e-01 -3.135886415839195251e-02 2.225389331579208374e-01 -1.454951167106628418e-01 1.864353865385055542e-01 1.822895854711532593e-01 -9.057482331991195679e-02 4.757592082023620605e-01 1.319131106138229370e-01 -3.250659108161926270e-01 -1.987461000680923462e-01 1.641598194837570190e-01 -6.621921062469482422e-02 -9.378635138273239136e-02 1.237580180168151855e-01 -2.772203460335731506e-02 1.810606122016906738e-01 -9.956886060535907745e-04
-4.682309925556182861e-02 -6.025822088122367859e-02 -3.483166396617889404e-01 -3.149411976337432861e-01 1.281824707984924316e-01 5.494046583771705627e-02 2.038221061229705811e-01 -7.326453924179077148e-02 -2.103517502546310425e-01 1.919358819723129272e-01 -3.577370643615722656e-01 2.076970338821411133e-01 -2.701915204524993896e-01 1.599067747592926025e-01 -6.825729459524154663e-02 9.560897946357727051e-02 2.366984188556671143e-01 3.040919825434684753e-02 1.351424008607864380e-01 -1.031809747219085693e-01 2.861851453781127930e-01 -3.342508673667907715e-01 2.352857887744903564e-01 8.878763765096664429e-02
3.926542699337005615e-01 -3.513239920139312744e-01 1.277274042367935181e-01 -4.731764495372772217e-01 -1.380227040499448776e-04 -1.579108238220214844e-01 1.062338724732398987e-01 1.103649362921714783e-01 2.418964169919490814e-02 -3.312298357486724854e-01 -7.733558118343353271e-02 -4.325324296951293945e-02 -4.075045511126518250e-02 -3.340554535388946533e-01 1.451862007379531860e-01 -6.553339958190917969e-02 1.138205975294113159e-01 1.013687551021575928e-01 -1.436195075511932373e-01 3.339069485664367676e-01 4.741321876645088196e-02 -8.789597451686859131e-02 -6.369122862815856934e-02 -8.731105178594589233e-02
1.453729569911956787e-01 1.076538860797882080e-01 2.496054023504257202e-01 1.194019913673400879e-01 -2.424978166818618774e-01 -2.977861464023590088e-01 3.217328786849975586e-01 1.336666047573089600e-01 -1.595692783594131470e-01 1.158899515867233276e-01 2.593907713890075684e-01 1.040193960070610046e-01 -2.765307724475860596e-01 6.842587608844041824e-03 -1.965175718069076538e-01 -2.042615413665771484e-01 -9.818341583013534546e-02 3.355163037776947021e-01 1.573682427406311035e-01 -1.737557947635650635e-01 -1.025951281189918518e-01 -2.679545283317565918e-01 6.228536739945411682e-02 -2.909136116504669189e-01
-1.148083806037902832e-01 -5.447791889309883118e-02 7.201582193374633789e-02 -2.585053257644176483e-02 4.103993475437164307e-01 6.475834548473358154e-02 2.368115186691284180e-01 2.118378877639770508e-01 1.135254651308059692e-01 4.317323118448257446e-02 3.543323278427124023e-01 1.822964102029800415e-01 -1.354461014270782471e-01 -1.408098936080932617e-01 1.506806910037994385e-01 -1.250680685043334961e-01 3.099586963653564453e-01 -3.394198417663574219e-01 1.161300167441368103e-01 -2.235748022794723511e-01 2.168980836868286133e-01 2.272039949893951416e-01 -1.453386396169662476e-01 -2.445883452892303467e-01
-1.391338706016540527e-01 -1.000856012105941772e-01 -3.838924169540405273e-01 1.393900662660598755e-01 -1.409020125865936279e-01 -1.404643505811691284e-01 1.393842101097106934e-01 9.107901155948638916e-02 -1.797379404306411743e-01 -9.516027756035327911e-03 -3.457376733422279358e-03 -1.329758614301681519e-01 -4.677445441484451294e-02 1.186892092227935791e-01 1.749127209186553955e-01 -5.538817048072814941e-01 -3.420619964599609375e-01 -2.087597846984863281e-01 -1.365477144718170166e-01 2.489817738533020020e-01 2.916417717933654785e-01 4.975267872214317322e-02 -1.987743191421031952e-02 -6.016553938388824463e-02
-8.753068745136260986e-02 2.123513668775558472e-01 -1.199247837066650391e-01 -1.635657250881195068e-01 -3.287730216979980469e-01 -2.042143493890762329e-01 5.737616121768951416e-02 -3.061414957046508789e-01 3.143363595008850098e-01 2.442373931407928467e-01 6.173411384224891663e-02 3.008049726486206055e-01 8.738173544406890869e-02 -1.551869064569473267e-01 4.244664013385772705e-01 1.614238917827606201e-01 -3.415954113006591797e-02 -1.269131898880004883e-01 -1.433644294738769531e-01 5.453832074999809265e-02 -5.604407563805580139e-02 -2.220946364104747772e-02 1.990884542465209961e-01 -2.907331585884094238e-01
3.207610547542572021e-01 -2.468895167112350464e-02 -3.423361778259277344e-01 1.683940291404724121e-01 -1.790002174675464630e-02 3.081333637237548828e-01 -4.699995368719100952e-02 1.625703647732734680e-02 -1.790491789579391479e-01 -1.053704321384429932e-01 4.765060544013977051e-01 -3.065619468688964844e-01 -1.547637581825256348e-01 1.152913458645343781e-02 2.170708030462265015e-01 3.188430070877075195e-01 3.608726337552070618e-02 2.945067128166556358e-03 -5.467733740806579590e-02 8.681930601596832275e-03 -2.666753716766834259e-03 -1.409035325050354004e-01 2.768056392669677734e-01 -1.236486732959747314e-01
3.641842901706695557e-01 1.435161381959915161e-01 4.686758294701576233e-02 -1.034112125635147095e-01 -1.660088002681732178e-01 -6.068709865212440491e-02 -1.128536611795425415e-01 8.891530334949493408e-03 -2.093931585550308228e-01 4.246822595596313477e-01 5.920896679162979126e-02 -1.289000958204269409e-01 2.331656217575073242e-01 1.804045140743255615e-01 1.001382172107696533e-01 -1.900269277393817902e-02 2.446371763944625854e-01 -3.177288174629211426e-02 -2.403374910354614258e-01 -1.531703621149063110e-01 2.421224862337112427e-01 -7.216747105121612549e-02 -4.896656870841979980e-01 5.019288137555122375e-02
5.054891481995582581e-02 -2.175084082409739494e-03 3.169279992580413818e-01 6.952276080846786499e-02 1.757269948720932007e-01 -2.594209276139736176e-02 3.355573415756225586e-01 -1.121033132076263428e-01 -2.878312766551971436e-01 -1.411076635122299194e-02 -1.201762482523918152e-01 1.073304265737533569e-01 -1.411997377872467041e-01 2.715105712413787842e-01 2.277816385030746460e-01 4.186796844005584717e-01 -3.316452205181121826e-01 8.379163593053817749e-02 -1.571393162012100220e-01 1.291879713535308838e-01 1.675053834915161133e-01 3.385369181632995605e-01 -5.708971619606018066e-02 -3.588077053427696228e-02
7.643863558769226074e-02 1.393124312162399292e-01 -1.148796007037162781e-01 1.681958734989166260e-01 2.698552310466766357e-01 -2.351860105991363525e-01 -2.020710408687591553e-01 5.221314430236816406e-01 1.769939959049224854e-01 1.930516809225082397e-01 -2.434872686862945557e-01 -8.063746988773345947e-02 4.540896415710449219e-02 1.518905721604824066e-02 3.902465403079986572e-01 9.844954311847686768e-02 -4.285292699933052063e-02 2.906532883644104004e-01 2.887387871742248535e-01 1.218619793653488159e-01 1.370441075414419174e-02 -4.120890796184539795e-02 1.620217598974704742e-02 -7.954553514719009399e-02
1.660091131925582886e-01 5.479742884635925293e-01 -5.363154038786888123e-02 -5.952765047550201416e-02 -1.852468103170394897e-01 7.592196762561798096e-02 3.500398695468902588e-01 1.640748083591461182e-01 -5.570413544774055481e-02 -3.606341481208801270e-01 -1.838228404521942139e-01 -6.393594294786453247e-02 1.933022290468215942e-01 2.091623991727828979e-01 1.938772387802600861e-02 -9.615995734930038452e-02 3.102028667926788330e-01 -1.281612217426300049e-01 1.252878308296203613e-01 7.083140313625335693e-02 -1.336805373430252075e-01 2.145491540431976318e-01 1.295814961194992065e-01 -1.954445987939834595e-02
1.471726894378662109e-01 -1.422253698110580444e-01 -1.237872391939163208e-01 2.240999341011047363e-01 2.262685894966125488e-01 -5.081379041075706482e-02 2.667136192321777344e-01 -1.767423585988581181e-03 2.306598871946334839e-01 -2.284983843564987183e-01 -1.199705228209495544e-01 1.502494215965270996e-01 1.383510082960128784e-01 2.457906603813171387e-01 1.248091161251068115e-01 1.719051972031593323e-02 -1.154192239046096802e-01 -1.752654314041137695e-01 -2.465779334306716919e-01 -2.387205362319946289e-01 -3.173094093799591064e-01 -4.621713161468505859e-01 -2.317223846912384033e-01 5.340373609215021133e-03
2.186178416013717651e-02 1.638334989547729492e-01 -1.000300571322441101e-01 -2.598288655281066895e-01 2.595523297786712646e-01 4.346350207924842834e-02 -2.292026579380035400e-01 -2.994967065751552582e-02 -5.022759437561035156e-01 -7.941166870296001434e-03 -1.582354903221130371e-01 2.276928909122943878e-02 1.429864466190338135e-01 -2.099388837814331055e-01 -2.281524613499641418e-02 -6.247739866375923157e-02 -2.786511182785034180e-01 -1.408249586820602417e-01 2.584603242576122284e-02 -2.046850919723510742e-01 -3.086816072463989258e-01 1.278883311897516251e-02 -3.803460672497749329e-02 -4.343904852867126465e-01
-8.922977745532989502e-02 3.062282204627990723e-01 2.134893238544464111e-01 -1.219964548945426941e-01 1.750027984380722046e-01 6.713790446519851685e-02 2.381762564182281494e-01 -2.507765591144561768e-01 5.828799214214086533e-03 -1.274517644196748734e-02 9.922611713409423828e-02 -3.332399725914001465e-01 1.177336275577545166e-01 -2.859980762004852295e-01 2.411559820175170898e-01 -7.160173356533050537e-02 -2.400607317686080933e-01 -4.050803557038307190e-02 2.883177101612091064e-01 -3.360938653349876404e-02 1.671810895204544067e-01 -3.490522503852844238e-01 -4.916816577315330505e-02 3.275510966777801514e-01
-1.390033215284347534e-01 4.441483616828918457e-01 -2.338308095932006836e-01 -1.593818366527557373e-01 9.762304276227951050e-02 -6.362350285053253174e-02 8.823786862194538116e-03 2.155825644731521606e-01 2.079884409904479980e-01 -1.328551620244979858e-01 1.143404096364974976e-01 -1.201141439378261566e-02 -1.836034506559371948e-01 -1.222614347934722900e-01 -3.980077803134918213e-01 2.627566754817962646e-01 -1.902140229940414429e-01 5.463799089193344116e-02 -3.319666087627410889e-01 1.316548138856887817e-01 2.110048085451126099e-01 -9.707103669643402100e-02 -2.612245380878448486e-01 -6.384646147489547729e-02
-1.417180448770523071e-01 5.867000669240951538e-02 3.060451149940490723e-02 -2.536493837833404541e-01 1.877834200859069824e-01 -2.061653137207031250e-01 8.082587271928787231e-02 1.012953966856002808e-01 -6.031098961830139160e-02 3.091807961463928223e-01 1.494951695203781128e-01 -2.455421686172485352e-01 -2.969070374965667725e-01 1.395842581987380981e-01 6.931946426630020142e-02 -7.260514795780181885e-02 1.092720031738281250e-01 -1.247745379805564880e-01 -2.561248540878295898e-01 1.566165089607238770e-01 -5.423006415367126465e-01 6.281402707099914551e-02 1.097257509827613831e-01 2.989006638526916504e-01
-4.181286692619323730e-02 -6.795337051153182983e-02 -1.156359016895294189e-01 -1.189189180731773376e-01 -1.597857624292373657e-01 7.808440923690795898e-02 5.819045379757881165e-02 -1.884487122297286987e-01 2.769500911235809326e-01 -6.097839400172233582e-02 -2.654410898685455322e-01 -4.707759916782379150e-01 -4.033516943454742432e-01 4.621093720197677612e-02 1.227741762995719910e-01 -2.590881846845149994e-02 -2.031588740646839142e-02 1.506167948246002197e-01 7.487545162439346313e-02 -3.765501379966735840e-01 -6.362292170524597168e-02 2.244710028171539307e-01 -2.636250257492065430e-01 -2.192798107862472534e-01
