-6.990006566047668457e-02 -4.848608374595642090e-02 4.870127886533737183e-03 -2.192580699920654297e-01 -2.565340884029865265e-02 -1.448543965816497803e-01 1.625323295593261719e-01 -1.275317668914794922e-01 -1.814602911472320557e-01 -2.982402443885803223e-01 -8.655108511447906494e-02 1.687526553869247437e-01 -6.785392016172409058e-02 -1.182499229907989502e-01 3.840511431917548180e-03 5.866633728146553040e-02 9.272538870573043823e-02 -5.398868322372436523e-01 4.888751208782196045e-01 1.728483140468597412e-01 -2.619977295398712158e-01 -2.499828189611434937e-01 1.923340000212192535e-02 7.513303426094353199e-04
-1.818814724683761597e-01 1.669203042984008789e-01 -3.371509909629821777e-02 -1.812309622764587402e-01 7.363516837358474731e-02 -1.096141636371612549e-01 -3.039392828941345215e-01 -4.105325788259506226e-02 4.059816896915435791e-01 -1.667476743459701538e-01 3.468527272343635559e-02 1.030616015195846558e-01 2.624407708644866943e-01 1.055218875408172607e-01 -2.776238024234771729e-01 -2.703297734260559082e-01 -5.188236832618713379e-01 -1.083799600601196289e-01 -9.838798642158508301e-02 1.235871985554695129e-01 -9.085554629564285278e-02 -1.354244947433471680e-01 6.794088333845138550e-02 1.478882282972335815e-01
7.440538704395294189e-02 3.854201734066009521e-02 9.284417331218719482e-02 4.069414436817169189e-01 1.689062416553497314e-01 -3.310264050960540771e-01 -1.633506715297698975e-01 2.008318006992340088e-01 -7.387740164995193481e-02 -2.403730154037475586e-01 -1.271216273307800293e-01 2.419234961271286011e-01 1.791059225797653198e-02 -2.579707205295562744e-01 -7.564888894557952881e-02 -4.487730935215950012e-02 1.719415038824081421e-01 -1.855893293395638466e-03 -2.475300431251525879e-01 7.532155513763427734e-02 -2.163726985454559326e-01 6.294059753417968750e-02 -4.655703008174896240e-01 1.924988329410552979e-01
-1.285027712583541870e-01 3.844524323940277100e-01 8.670833706855773926e-02 1.172693893313407898e-01 -6.809283047914505005e-02 -2.595910988748073578e-02 -2.754755616188049316e-01 -5.056200549006462097e-02 -4.113026559352874756e-01 2.164365798234939575e-01 1.470006406307220459e-01 4.449816793203353882e-02 1.023532375693321228e-01 -4.011277109384536743e-02 2.842986881732940674e-01 -1.856831908226013184e-01 -1.634268462657928467e-01 -2.947821915149688721e-01 -1.036030128598213196e-01 7.003665715456008911e-02 1.286900043487548828e-01 -2.240056917071342468e-02 -1.089781522750854492e-01 -4.533025920391082764e-01
6.713043898344039917e-02 3.446797654032707214e-02 -2.356893382966518402e-02 6.414427608251571655e-02 3.620017170906066895e-01 4.141346365213394165e-02 1.749735623598098755e-01 2.458026558160781860e-01 -3.074660338461399078e-02 2.962091565132141113e-01 -1.747330427169799805e-01 -2.491547018289566040e-01 5.222972035408020020e-01 -3.163901716470718384e-02 2.408820763230323792e-02 7.489215582609176636e-02 -4.945998080074787140e-03 -2.506561577320098877e-01 1.189569905400276184e-01 2.955771386623382568e-01 -3.396843001246452332e-02 3.188523948192596436e-01 1.150320321321487427e-01 1.553654968738555908e-01
4.280157387256622314e-02 -3.802912533283233643e-01 3.149779140949249268e-02 1.951288580894470215e-01 4.407263360917568207e-03 1.854093819856643677e-01 -1.369392275810241699e-01 1.507398337125778198e-01 -1.218931004405021667e-02 8.173153549432754517e-02 3.277285695075988770e-01 1.522667109966278076e-01 -2.752638794481754303e-02 -1.464743763208389282e-01 -2.210604250431060791e-01 3.535148501396179199e-01 -2.444165199995040894e-01 -1.547958105802536011e-01 -1.098617315292358398e-01 -5.772576481103897095e-02 -4.068774580955505371e-01 1.048193275928497314e-01 2.074739187955856323e-01 -2.940251231193542480e-01
-1.934316903352737427e-01 2.074460126459598541e-02 -1.926814951002597809e-02 2.675533890724182129e-01 -1.248195320367813110e-01 4.523001611232757568e-02 -1.064629554748535156e-01 7.800674438476562500e-02 2.084263414144515991e-01 -4.193103015422821045e-01 -9.801370650529861450e-02 -1.645183749496936798e-02 6.438002735376358032e-02 6.926218420267105103e-02 1.751582920551300049e-01 4.376710057258605957e-01 4.142108187079429626e-02 6.422170996665954590e-02 -1.201297901570796967e-02 4.636444747447967529e-01 3.378868997097015381e-01 -5.040756240487098694e-02 1.427332460880279541e-01 -1.918395310640335083e-01
-1.477233171463012695e-01 1.333280950784683228e-01 -5.368179827928543091e-02 2.709794342517852783e-01 1.905948519706726074e-01 1.861728727817535400e-01 1.220862343907356262e-01 -2.406529188156127930e-01 1.468387395143508911e-01 -1.234329566359519958e-01 2.865375280380249023e-01 -1.893941760063171387e-01 1.194097753614187241e-02 -4.884897172451019287e-01 -2.173632085323333740e-01 -3.274143040180206299e-01 3.150972127914428711e-01 -3.944030031561851501e-02 -3.162675350904464722e-02 1.837276294827461243e-02 7.317072898149490356e-02 -9.054050594568252563e-02 2.693586349487304688e-01 -6.337290257215499878e-02
-5.185488983988761902e-02 -3.795656561851501465e-02 -1.302484124898910522e-01 -8.140593767166137695e-02 3.317094147205352783e-01 5.219112634658813477e-01 -2.389943450689315796e-01 6.663060933351516724e-02 4.659371078014373779e-02 -1.401476711034774780e-01 -4.249734580516815186e-01 1.190557777881622314e-01 -1.465849429368972778e-01 -1.776523590087890625e-01 -4.808691143989562988e-02 -4.827253147959709167e-02 -1.080562472343444824e-01 -5.081585422158241272e-02 2.139666825532913208e-01 -2.249055653810501099e-01 1.777027696371078491e-01 1.660439372062683105e-01 -2.245885878801345825e-01 -1.838684827089309692e-01
-6.348197162151336670e-02 3.179292008280754089e-02 -2.749603688716888428e-01 4.059588611125946045e-01 -4.273414015769958496e-01 -6.637706607580184937e-02 1.762383431196212769e-01 1.383591592311859131e-01 -4.106771200895309448e-02 4.647577926516532898e-02 -4.742504656314849854e-02 4.086091741919517517e-02 -2.422596961259841919e-01 1.010651588439941406e-01 -3.032226860523223877e-01 -2.300557494163513184e-01 -2.103890925645828247e-01 -1.687452346086502075e-01 2.407823652029037476e-01 3.279916942119598389e-02 1.746924966573715210e-01 3.522216677665710449e-01 1.184031926095485687e-02 9.631486237049102783e-02
-3.440084755420684814e-01 -2.520564496517181396e-01 -3.852711915969848633e-01 3.659861907362937927e-02 5.123933777213096619e-02 2.232238836586475372e-02 2.257829755544662476e-01 -1.746156662702560425e-01 -1.763466596603393555e-01 -7.864578813314437866e-02 -2.133563309907913208e-01 -7.347460836172103882e-02 1.639195680618286133e-01 2.637718915939331055e-01 -4.212978482246398926e-02 -2.182194143533706665e-01 4.883965849876403809e-02 2.092563956975936890e-01 -1.954038441181182861e-01 1.520350277423858643e-01 -3.367254436016082764e-01 -2.108005434274673462e-02 -1.339155882596969604e-01 -3.323924839496612549e-01
-2.062526643276214600e-01 3.008764088153839111e-01 7.010487839579582214e-03 9.222921729087829590e-02 -2.519160695374011993e-02 2.384705990552902222e-01 -3.619377017021179199e-01 1.578206717967987061e-01 -1.820034384727478027e-01 1.508014369755983353e-02 -4.999408870935440063e-02 1.219865605235099792e-01 -1.112281456589698792e-01 2.034087479114532471e-01 9.070276468992233276e-02 -6.908094882965087891e-02 2.423038333654403687e-01 2.254980802536010742e-01 1.825526654720306396e-01 6.407617032527923584e-02 -4.074167311191558838e-01 6.076551228761672974e-02 3.733555972576141357e-01 2.672507464885711670e-01
-5.488548055291175842e-02 2.216617166996002197e-01 -2.155602872371673584e-01 1.888970136642456055e-01 1.849947273731231689e-01 -1.450497806072235107e-01 1.095668897032737732e-01 -2.566987872123718262e-01 2.322702109813690186e-02 -1.416171640157699585e-01 3.161107599735260010e-01 8.660070598125457764e-02 2.382246702909469604e-01 -2.296347636729478836e-03 2.037454694509506226e-01 2.405655980110168457e-01 -2.146774232387542725e-01 2.807066440582275391e-01 4.184934198856353760e-01 -3.006016612052917480e-01 -8.505216240882873535e-02 1.693679094314575195e-01 -1.478337645530700684e-01 1.509623229503631592e-02
-3.354728594422340393e-02 2.697119675576686859e-02 -2.132573127746582031e-01 -1.950377821922302246e-01 2.033282965421676636e-01 -2.807868719100952148e-01 -7.310235500335693359e-02 1.202317401766777039e-01 -2.772195339202880859e-01 4.952527955174446106e-02 -1.937282830476760864e-02 -2.808945775032043457e-01 -3.864911794662475586e-01 -3.819802701473236084e-01 -3.932565078139305115e-02 7.541711628437042236e-02 -3.337563872337341309e-01 3.146709203720092773e-01 4.816396161913871765e-02 2.963026762008666992e-01 8.123805746436119080e-03 -3.872767463326454163e-02 1.052568629384040833e-01 1.937349326908588409e-02
-1.122914478182792664e-01 -3.618600368499755859e-01 -2.756454944610595703e-01 2.484357357025146484e-02 2.917417585849761963e-01 5.273328348994255066e-02 -1.935654431581497192e-01 4.454298317432403564e-02 9.002548456192016602e-02 1.504439562559127808e-01 4.515364468097686768e-01 8.932851254940032959e-02 -2.090564221143722534e-01 2.252363264560699463e-01 2.553294003009796143e-01 -1.418863087892532349e-01 1.176684796810150146e-01 -1.687637567520141602e-01 7.007528841495513916e-02 2.297483384609222412e-01 1.784022897481918335e-01 -5.278893187642097473e-02 -2.058790028095245361e-01 2.304754704236984253e-01
-3.644693493843078613e-01 -1.421458367258310318e-02 -2.886178493499755859e-01 8.450399339199066162e-02 -8.344876021146774292e-02 -1.894842237234115601e-01 -2.177372425794601440e-01 3.785602003335952759e-02 2.660865895450115204e-02 4.115391969680786133e-01 -1.772583276033401489e-01 -2.358702477067708969e-03 1.547547578811645508e-01 -1.142345443367958069e-01 -2.376935631036758423e-01 3.173318505287170410e-01 1.903509348630905151e-01 -6.761193275451660156e-02 5.948306247591972351e-02 -2.712825238704681396e-01 1.349240094423294067e-01 -3.831577301025390625e-01 -2.718639560043811798e-02 7.363877445459365845e-02
-2.453107535839080811e-01 -9.111726284027099609e-02 3.686030805110931396e-01 2.861898243427276611e-01 3.150570988655090332e-01 -3.181754052639007568e-01 9.126780927181243896e-02 1.029001474380493164e-01 2.722252905368804932e-01 8.425581455230712891e-02 -1.941258609294891357e-01 -1.781650483608245850e-01 -2.976269125938415527e-01 1.927938312292098999e-01 1.974373757839202881e-01 -1.220299080014228821e-01 -9.628664702177047729e-02 -7.767838984727859497e-02 1.251134127378463745e-01 -2.277962565422058105e-01 -8.441792428493499756e-02 -6.534838676452636719e-02 1.747547984123229980e-01 -1.982162892818450928e-01
3.905413746833801270e-01 -1.609845012426376343e-01 5.808108951896429062e-03 4.332314431667327881e-02 -1.690233051776885986e-01 -1.415207833051681519e-01 -3.126707971096038818e-01 5.414654314517974854e-02 2.343123406171798706e-01 1.545362770557403564e-01 -2.420113049447536469e-02 -6.070406362414360046e-02 1.697251498699188232e-01 -5.900479108095169067e-02 -5.026955902576446533e-02 -2.521609663963317871e-01 1.648905426263809204e-01 2.554351389408111572e-01 4.590160846710205078e-01 1.942364871501922607e-01 -8.460744470357894897e-02 -8.982784301042556763e-02 -8.210511505603790283e-02 -3.550715744495391846e-01
3.793574571609497070e-01 1.915765404701232910e-01 -3.302060663700103760e-01 2.777690887451171875e-01 -6.162906065583229065e-02 2.470197081565856934e-01 6.089137494564056396e-02 9.224990010261535645e-02 1.172055900096893311e-01 -3.894810378551483154e-02 -8.575328439474105835e-02 -3.325615823268890381e-01 -9.367055445909500122e-02 4.789754748344421387e-02 2.383184283971786499e-01 3.046460822224617004e-02 -1.865400373935699463e-01 -1.638127863407135010e-01 -9.309316426515579224e-02 -6.653593480587005615e-02 -2.437745481729507446e-01 -4.515397846698760986e-01 -8.354507386684417725e-02 9.562283009290695190e-02
-5.618333350867033005e-03 -1.687008738517761230e-01 -2.245218753814697266e-01 -1.689595580101013184e-01 -1.002618893980979919e-01 -2.176248431205749512e-01 -2.335622012615203857e-01 3.582240641117095947e-01 -1.207951754331588745e-01 -4.265136420726776123e-01 1.084974408149719238e-01 -3.325843811035156250e-01 1.839863061904907227e-01 -7.396034430712461472e-03 1.412264406681060791e-01 -1.311216801404953003e-01 1.340669840574264526e-01 -1.447186917066574097e-01 -5.699070543050765991e-02 -3.925367593765258789e-01 6.086282804608345032e-02 1.686094254255294800e-01 1.794602870941162109e-01 -4.170650616288185120e-02
3.069636644795536995e-03 2.854786217212677002e-01 -2.264722585678100586e-01 -2.174561172723770142e-01 -5.152987688779830933e-02 -1.517083644866943359e-01 -1.296390593051910400e-01 -2.230238020420074463e-01 3.977579176425933838e-01 1.132521927356719971e-01 -2.246762998402118683e-02 -1.511525958776473999e-01 -2.725327610969543457e-01 -6.049175281077623367e-03 2.967479452490806580e-02 2.008456438779830933e-01 2.449366748332977295e-01 -2.219347655773162842e-01 -1.488382518291473389e-01 6.428406387567520142e-02 -2.452794909477233887e-01 4.308098852634429932e-01 -1.095564812421798706e-01 -1.564716398715972900e-01
-3.575362563133239746e-01 -2.149324864149093628e-01 1.276704072952270508e-01 -4.513412714004516602e-02 -4.066742658615112305e-01 1.417880207300186157e-01 4.001433029770851135e-02 1.962595432996749878e-02 2.006059437990188599e-01 1.123933717608451843e-01 -5.764829739928245544e-02 -6.473886221647262573e-02 9.395521879196166992e-02 -4.514180719852447510e-01 4.588339626789093018e-01 -1.071820333600044250e-01 -1.461891233921051025e-01 5.107736960053443909e-02 2.429222129285335541e-02 2.363334968686103821e-02 -1.716758012771606445e-01 9.408058971166610718e-02 -1.500150710344314575e-01 1.979695111513137817e-01
-2.691230475902557373e-01 2.250528335571289062e-01 2.235757708549499512e-01 -1.510339528322219849e-01 -4.307363182306289673e-02 1.834636926651000977e-01 1.586351245641708374e-01 4.367352128028869629e-01 4.274288192391395569e-02 -5.700365081429481506e-02 3.070053458213806152e-01 -3.081750571727752686e-01 -3.894219174981117249e-02 1.177975162863731384e-01 -2.793422937393188477e-01 7.903286069631576538e-02 7.288973033428192139e-02 6.499877572059631348e-02 1.521891802549362183e-01 4.014588147401809692e-02 -8.607023954391479492e-02 -9.348937869071960449e-02 -4.423221349716186523e-01 -1.123825982213020325e-01
-1.758178882300853729e-02 -2.030812352895736694e-01 2.696302831172943115e-01 1.677741110324859619e-01 -5.151194334030151367e-02 6.928881257772445679e-02 -3.503154516220092773e-01 -4.879086017608642578e-01 -2.227643579244613647e-01 -8.548790961503982544e-02 -4.397153854370117188e-02 -5.194541215896606445e-01 7.367566693574190140e-03 1.331822574138641357e-01 -1.796883046627044678e-01 1.045996695756912231e-01 -6.842042505741119385e-02 -7.547449320554733276e-02 8.131465315818786621e-02 2.053631655871868134e-02 -1.555224880576133728e-02 8.898530155420303345e-02 -1.630587428808212280e-01 2.179246693849563599e-01
