Mahalanobis correlated with human judgements 
Furniture: (-0.09819376423732736, 0.17771130462733922)
Clothing: (0.12125032444050265, 0.0145005076017271)
Birds: (0.07577881152351829, 0.1145162941401706)
Vegetables: (0.2665328714704209, 0.00020150161831751387)
Sports: (0.1343700309428486, 0.008905209575796776)
Vehicles: (0.1570875029571764, 0.016874763358453178)
Fruit: (0.13915963371128282, 0.04396860779467207)
Professions: (0.11985330561100407, 0.0197583664323685)
Overall correlation: (0.1460915717192996, 5.243619652281816e-13)

Baseline correlated with human judgements 
Furniture: (-0.033238154415068395, 0.6489230492785348)
Clothing: (0.09613812545420014, 0.05291148650248958)
Birds: (0.06763796383612262, 0.159055400248689)
Vegetables: (0.13725855762863032, 0.05896671645998704)
Sports: (0.178174892625948, 0.0005004174495720364)
Vehicles: (0.10207949474304291, 0.12183873296420564)
Fruit: (0.11738415316430438, 0.089739058082831)
Professions: (0.15542000271498208, 0.002444438350643287)
Overall correlation: (0.05258788512613685, 0.00969941035366555)
