-7.845772430589588453e-02 -1.279557763701285877e-01 2.029930296867238360e-01 2.301326560609455452e-01 3.150688836800879383e-02 2.470983206360804763e-01 1.666899274515558083e-01 1.583781675226204333e-01 1.059241418649902178e-01 1.772115624061565975e-01 -6.477633855719052702e-01 -2.260217813182890667e-01 8.361816000133875937e-02 -4.644237582344966087e-01 -1.799903343876096684e-01
5.804721711047369226e-01 1.195462105302663863e-01 1.685851888124013376e-01 2.641665852855342167e-01 -1.719103250932816629e-01 -1.209110195817095779e-01 5.978294769875324155e-01 -5.420730129338788283e-02 6.608025701379412198e-02 4.611647275850732502e-02 3.668175964898480208e-03 2.261532162900050380e-01 1.052675285274556477e-01 2.272314918707668899e-02 2.771191180749416061e-01
2.394287201525490127e-01 6.177249934943898624e-02 -2.532184863830460597e-01 -2.784066419801461412e-01 5.655372803007381599e-03 6.001720804148963362e-01 -3.376550595774177599e-02 2.598095975308625794e-01 2.216435785241893663e-01 -4.011991126789661855e-01 -1.120981807924036761e-01 5.744229620206264819e-02 -1.884871027048054259e-01 -4.355552687072480195e-02 3.239935881777155635e-01
3.343575661812645539e-01 -7.770557801509403451e-02 4.088506807128456516e-02 1.160902252078222091e-01 -5.867741348395620893e-01 -1.101961047668513077e-01 -4.485568365619006514e-01 -1.736212306307904352e-01 -1.644222234811757166e-01 -2.167210131040486765e-01 -2.218344345811748552e-02 -3.806667981424050606e-01 4.361972961002857918e-02 -2.157723009295582361e-01 1.065896317722093978e-01
3.320131854045649256e-01 1.358753499908604834e-01 -5.651983946801327763e-01 2.250549672487745234e-01 3.249358425204870171e-01 -1.026097473830986026e-02 -2.704210108624703901e-01 -3.886775528228400556e-01 -3.524433494004166560e-03 2.238390175922570502e-01 -3.177172665988270417e-01 1.173355759847335561e-01 1.455175169488991289e-02 5.376197428464186273e-02 -5.821931069263929642e-02
-1.857238959851996718e-01 2.608858172015484644e-01 1.916760307271442587e-01 -2.697308982409307374e-02 1.399061637458002549e-01 -2.050471169984878772e-01 -1.905318885791987826e-01 6.918361667580530394e-02 -4.160903232104997684e-01 -3.113933482466226255e-01 -3.535620362334639943e-01 4.058026264619703505e-01 2.471771846089500513e-01 -1.230161184731553559e-01 3.482280327339725146e-01
2.264651232849856644e-01 1.065756701505744530e-01 1.597592772151806007e-01 3.054530447121300840e-01 -4.588602409911774621e-02 8.888108918181678031e-02 -4.384514079857018687e-01 6.299164783829038772e-01 2.652397935321684427e-02 3.299373144052276663e-01 1.340987276963371833e-01 2.570593054791593945e-01 -3.799322597476448900e-03 1.170372226683383671e-01 -1.102476693609623498e-01
3.798814655972861387e-01 3.400365355273511914e-01 3.222865447421316976e-01 -2.470133410920467565e-01 4.691837894565258904e-01 -2.312652306555219306e-01 -3.639905227400851151e-02 7.012038732609808533e-02 -7.291945555882380081e-02 -9.941818400416070622e-02 2.237279115673868404e-02 -3.439891266874497977e-01 -3.398465782831013859e-01 -1.349416476246963204e-01 -1.660933342171571903e-01
-1.051337367058887279e-01 -1.438856785084831058e-01 2.216524661255932505e-01 4.291605708088105930e-01 5.427703667458767811e-02 3.037916188262053674e-01 2.583981017270243347e-02 -2.030528084858772564e-01 -3.962761151632255840e-01 -6.153137574782800712e-02 -3.012494645312817701e-02 1.561907537351964366e-02 -6.045002197539351974e-01 2.408445507002603125e-01 1.113676954854992407e-01
1.607730995422581022e-01 -1.363858088818547254e-01 3.268549397403290313e-01 1.429103596484248007e-01 3.260926045385734162e-01 4.058924121490388726e-01 -1.137795207286300403e-01 -2.421105861263632419e-01 4.176051911665617199e-03 -2.563244354257721014e-01 2.222293110474141131e-01 -5.481781920168157796e-02 5.651665196139005198e-01 1.291226191580287508e-01 -1.773377725636954283e-01
2.508153610307003456e-01 -5.453702994252013214e-01 1.493299231829632867e-01 -4.929722078728162593e-01 8.058771038229942119e-02 7.654723221425580038e-02 -8.102321064723450039e-02 -8.758419694363857311e-02 -2.773068297989444986e-01 4.271331420774007737e-01 -1.298167264475655162e-02 1.895573740993153899e-01 -1.206393364946491305e-02 -1.325453970565279582e-01 1.860003114266065294e-01
1.237657898556143894e-02 -3.992001813326155890e-01 5.363734463493829985e-02 2.259292251769247084e-01 1.814787030669484658e-01 -2.741854359387421725e-01 -1.473914412393369788e-01 -7.435949067767529119e-02 4.187771193481682475e-01 -3.102035099649487204e-01 1.513911553667854348e-01 3.599402832549583042e-01 -2.394887905499843983e-01 -4.112920188331509741e-01 -2.462770723879439960e-02
-1.160741906597988204e-01 -2.574555471561356876e-02 -2.357665937134612588e-01 2.754619535586822487e-01 3.115815724953558408e-01 5.444585199641091902e-03 5.497325374691762467e-02 1.759009998271598985e-01 -1.576087490019184856e-01 1.609855824294749438e-01 3.749010697407402781e-01 -3.571298036044125990e-01 1.296753051570653237e-01 -3.388108956667261751e-01 5.223647594292736285e-01
1.117305033933319036e-01 -4.825879780013530018e-01 -1.074797125181502777e-01 7.137767948431522624e-02 1.751074299119626254e-01 -3.309034747186939684e-01 3.870350071239548467e-02 3.384578617856226490e-01 7.803646449443439083e-03 -2.306924181369451043e-01 -2.962610399392686666e-01 -2.672030377351503061e-01 8.875081696146132348e-02 5.010033523437064096e-01 1.021667616683194918e-01
-1.467423213989223207e-01 1.277793773772121499e-01 3.615563169247154041e-01 -3.052045450704965815e-02 3.557140906620166049e-02 -2.895327118383145618e-02 -2.511057453013949559e-01 -2.412905389789220534e-01 5.430116187394902205e-01 2.558039544042329805e-01 -1.455851890419446737e-01 -1.379620211603729552e-01 -2.552869402723502434e-02 2.412547387577972657e-01 4.977192038478818747e-01
