-8.326644381918690829e-02 1.549965523846625060e-01 -7.183949047175233575e-04 -1.127614340422938149e-01 -4.550571013400677572e-02 4.423761863742644018e-01 3.288076479419145270e-01 -2.011958898144510233e-01 3.842382216112268378e-01 1.969104534617504773e-02 -1.486701415174006280e-01 -6.402316190488798187e-01 -1.421276817782823332e-01 -9.867383537491046519e-02 1.583255222925341807e-03
-2.068211556629912240e-01 -5.776516420233626103e-01 1.995574532646820221e-01 4.268663946762149553e-01 4.004728439243681049e-01 4.295168919759751250e-03 3.038166384083862970e-01 8.895157910912893096e-02 -1.665653558486776264e-01 1.460066707268769248e-01 1.426815332448680418e-01 -2.212144402910716512e-01 -1.834569181774797775e-02 6.866016157020159161e-02 -1.322309237683198802e-01
-3.232760180969709851e-01 -3.729860058905422604e-01 -6.838465175466224011e-01 4.687651578012413944e-02 -3.772955368447397095e-01 3.355596488484373363e-02 4.500209165207753187e-02 -8.348559385633672059e-02 4.822254059767525081e-02 2.793807483312101825e-01 -8.218867141442072477e-02 1.082755286346146761e-01 -6.533250532436160607e-02 4.461253451704313977e-02 1.701218164909222286e-01
2.579055609888002421e-01 3.753078933033562187e-02 -3.809552799802952139e-01 -2.597085115759118490e-01 5.157944427899282536e-01 -1.619328416645781921e-01 7.611502488318032389e-02 2.295780396999441419e-01 -7.672600442106672358e-02 9.400520054133745806e-02 -1.136925642172317008e-01 -2.887443349581492527e-02 -5.636168741460929610e-01 -1.464492227257906953e-01 3.376468828592344568e-02
-4.770772822909379318e-01 2.640294980442826622e-01 6.607469423267792186e-02 -1.304446943845323677e-02 -1.193916468655238233e-01 -3.404572311751502545e-02 -3.784444651852315600e-01 3.645346701428883174e-01 -3.472358072170065868e-01 7.760114060391248847e-02 1.962805915450432578e-02 -3.953821622773506239e-01 -2.308250188279191706e-01 2.620314040540270839e-01 3.718666557694360469e-02
3.039644337275170249e-01 -1.739525795148970377e-01 -1.749359584899069231e-01 1.375147423067354935e-01 -3.035231158948623401e-02 -9.541345207005623441e-02 -5.287335098692136359e-01 -4.587985900572576492e-01 -1.670421340043037606e-01 -3.295072029350524373e-02 2.307035923755565154e-01 -4.092680295693612025e-01 -3.521283703451497105e-02 -2.267687220166234308e-01 -1.592974563269613231e-01
-1.541310223180108741e-01 4.223325654233398008e-01 -2.379887224416056268e-01 4.084130019372662068e-01 2.644667383000698924e-01 -1.501852680936864859e-01 1.731419910044307287e-01 -2.505241597203217152e-01 -5.752700964393910738e-02 -2.024446939671106782e-01 2.453165144532533370e-01 -2.261264347883530645e-02 9.117777494335561894e-02 1.075977591836095593e-02 5.251536457317098616e-01
-1.494367290910857959e-01 8.604882293804320958e-02 5.433324083287904838e-02 5.891048337408471419e-02 3.776000106886404639e-01 -1.394439525271846947e-01 -3.679098118138202644e-01 -3.425992423274828308e-02 3.486995604231880042e-01 5.270366040704710375e-01 -3.567823987082091031e-01 -2.212487169376850873e-02 3.431408258206653517e-01 -1.105345631248935145e-01 9.043390137540641138e-02
-1.525915115542188505e-01 -2.996764464241123971e-01 -1.847265643667558577e-01 -2.754614069245232000e-01 2.924653896762412497e-01 3.313473207864445214e-01 -2.561379476296012925e-01 2.278719315786778554e-01 1.864221471621938311e-02 -5.376246558219244243e-01 -2.052455641313432819e-02 -6.162591684731802411e-02 3.434520775544190885e-01 -8.858757386764277986e-02 2.112670102592886789e-01
-2.537229008466351798e-01 1.785844183546665687e-01 9.092429010013147392e-03 2.292155179987327152e-01 1.557550237254553827e-01 5.839059527846863773e-01 -1.658404985409093757e-01 -1.922921327891597143e-01 -1.922235389048924936e-01 3.046620731789879619e-02 -7.198878614956834288e-02 4.070383869644275676e-01 -2.559332863734139485e-01 -2.923133843760554740e-01 -2.484654311921990211e-01
-1.709217832709793508e-02 7.430595764361258571e-02 -2.566635585233075223e-01 2.461804816747439340e-01 1.438049346875808765e-01 -1.047570071783010121e-01 -7.966616063324814812e-02 -1.067727712758935188e-01 2.452614265824169248e-01 -3.537934897547856949e-01 -3.051272144906111983e-01 1.563526868022011712e-02 -4.144434453095224846e-02 5.628420621128719104e-01 -4.702398947868289825e-01
-9.446527974017618345e-02 -2.656665980266790794e-01 3.504423162319836305e-01 -2.207245257859499488e-01 8.979628873898100327e-02 9.399337338660999214e-03 -1.877129036337965573e-01 -4.387541392097810689e-01 1.245626733467487396e-01 -4.694538236289233502e-02 -4.234717413409072595e-02 1.483917609456971154e-01 -4.135834451961324931e-01 3.609325375013080484e-01 4.125756867429252184e-01
-3.278156441584583747e-01 9.297808263323792399e-02 -9.565760270254261566e-02 -3.948702128587713300e-01 1.883783765832731938e-01 -8.276990755130572697e-02 2.519855942625614034e-02 -1.254847722651941944e-01 2.495805993906954345e-01 1.271394065479530544e-01 6.705945190645847820e-01 8.894760091106548860e-02 5.846010259472095294e-02 7.660885265760347673e-02 -3.387482293847535741e-01
-2.131174300456776249e-01 4.344575462331082966e-02 -1.807216874613520527e-02 -3.845675817830079279e-01 1.032650079331265125e-01 -1.844197050524817305e-01 2.613742982910826074e-01 -4.195399702795404306e-01 -5.492555446589153512e-01 -1.209278502717764554e-02 -3.559764155437399324e-01 -6.353699920700525694e-02 2.499642245286007314e-01 -1.527180886305898669e-02 -1.420232729517247605e-01
4.042607838433355805e-01 8.772864903413733761e-02 -1.430894077992251601e-01 -6.718881927769632112e-02 1.294832478570284995e-01 4.711819951185476918e-01 1.771308020212828023e-03 -6.813603215141807688e-03 -2.570789382927249900e-01 3.631690854573340066e-01 1.409225011922453086e-01 -9.534258726959879762e-03 2.341408139744875772e-01 5.321963265964247958e-01 9.525634160322760113e-02
