-8.812104742083731734e-02 -1.640520958614897773e-01 1.194710473542342916e-01 -4.600381897976988377e-01 7.164516293348283105e-02 1.967166476804531605e-01 3.891842276987387828e-01 -1.997415050784397406e-01 -4.820694226812397010e-01 -2.877415901216046068e-01 2.763798146037552694e-01 -1.541406974784385875e-01 2.427273362529932532e-01 -1.284040789324036314e-01 -1.161298758689971594e-01
-1.250360382340265086e-01 -2.066877403715788319e-01 -1.617512669822386839e-01 5.198387155303971913e-02 2.297709398830265204e-01 2.134170800018748981e-01 1.473909331760163699e-01 5.640121191497698971e-02 -9.626331776524967021e-02 2.578903254075829987e-01 -2.353781058190853037e-01 -6.499399872221043317e-01 -1.707099153329845465e-01 1.866180523937628066e-01 4.146885511611175801e-01
-2.110185659111987189e-01 8.834659655319755667e-02 -1.484386235878674409e-01 -2.032704825610330557e-01 -7.875621850480817310e-01 1.019453280840776632e-01 -1.876157192774753069e-01 2.626732070554081422e-01 -5.997331727394625972e-02 -1.993533331248319718e-01 -2.990928988878251149e-02 -2.631559921896001741e-01 -1.822090988022442293e-01 -5.215438297121124944e-02 -8.048925091917799937e-03
1.050274386040700170e-01 -2.632935617805657880e-01 1.043566956881327107e-03 -1.225388641659331951e-01 -4.748040626102727202e-02 -3.961510058093730136e-01 -6.649214145346017679e-02 -2.547133222774412564e-01 -7.801519194780677513e-02 4.977806179780461769e-03 -6.664229492704123459e-01 -1.907438938870371081e-01 5.490963341822494015e-02 -2.161909975388903171e-01 -3.738599216838671135e-01
2.590217891500573022e-01 -2.656340753071774197e-01 1.195748355621863435e-01 4.378973580326373516e-01 2.336553183350375401e-02 -6.339426234475822874e-02 -8.591760078761395691e-02 4.897963305109997445e-01 -3.361822886687106382e-01 1.023167326563734214e-01 2.795344991706723015e-01 -2.296787994085003892e-01 -2.213956026826935201e-03 -1.921162459476641049e-01 -3.363841071567274521e-01
-4.271012428359356461e-01 4.420303332973305604e-02 -1.030990901465796555e-01 4.234691084309238907e-01 2.706666974490563871e-02 -1.907671172498882628e-01 -3.740412019979571373e-02 -1.794820413338098219e-01 -4.384546582640869161e-01 -3.078644065195131896e-01 -6.069780126734958259e-02 1.087742654818258242e-01 -1.134633734813434436e-01 4.758746262551074024e-01 -1.143149243267717469e-01
-2.025845130820831674e-01 -4.009780463980572862e-01 -2.559561777787523473e-01 -2.483897345567016024e-01 1.883709225537326393e-02 1.171644599490040267e-01 -2.127829283288651396e-01 3.117645670128846302e-01 -2.830981034660289830e-01 3.231242459957606727e-01 -1.643232567002043398e-01 4.934215490878515187e-01 2.110899286913614226e-01 5.824745651027618543e-02 1.069417276794602800e-01
6.119742197077415735e-02 -5.186622966127097945e-01 -2.096703826150789762e-01 -2.701841223380337803e-02 -2.421683336405168474e-01 -3.903882398349808325e-01 8.563152995154189873e-02 -1.817009175368635709e-01 3.183343172674944488e-01 5.530920723111156651e-02 4.090392541876946564e-01 -1.084322985171104342e-01 1.832083409644308103e-01 3.357966651631967281e-01 3.694528899904910013e-02
3.707280199647899899e-01 -7.368310061905622432e-02 -5.313949251710074762e-02 1.869045112136899778e-01 -2.862603939558923671e-01 3.056931305444871017e-01 6.192050128277752918e-01 1.240984269128184020e-01 3.872415171836684350e-02 -5.177120060257034417e-02 -3.122406174049827676e-01 2.212176532369370952e-01 1.858572060020760239e-02 2.847422476731832353e-01 -1.145906462873091114e-01
-2.345835581508144696e-01 -3.078579427616116027e-01 -2.520696784128039214e-01 -1.339694619819638104e-02 3.338398089336016561e-01 1.063584518505291399e-01 7.216295214503415378e-02 2.992086685317699724e-01 4.018519997923373221e-01 -5.555100370731914650e-01 -5.210825767444313139e-02 3.666376649845617952e-02 -1.959914345696776306e-01 -1.725691560886341569e-01 -1.632553022413429922e-01
-2.899962919794283334e-01 -4.469648474324314225e-02 1.772189048153793023e-01 -1.566869141675602817e-01 2.893114261198094159e-02 2.890904577286886323e-01 2.793365678552837961e-03 -1.135429345470271439e-01 1.820445263905393074e-01 4.227102652734898158e-01 1.076302820864485643e-01 -3.417988567028749231e-02 -3.151373828079239714e-01 2.323245465931855769e-01 -6.186872843359105811e-01
5.019800980045571182e-01 -8.514833067486941853e-02 -3.332231580412995942e-01 -1.967541701814292388e-01 7.794374680777342579e-02 4.226095749954015407e-02 -1.875750740117588800e-01 -2.227522660494020701e-01 -2.415797125328436601e-01 -7.538296253951519421e-02 1.341097944557761434e-01 1.269688637395431918e-01 -6.305505802222647338e-01 4.652840941810503644e-02 2.104435452484628225e-02
-1.696067599936286752e-01 -3.779351636308501683e-01 6.021431778027336312e-01 6.599712365823706683e-02 -1.603279502943313617e-01 -1.326789108841842924e-01 1.608690083146829264e-01 -4.513847263152036965e-02 -1.820550572562562239e-02 1.994322653662422833e-04 -2.099054585771038470e-02 2.244693616125078284e-01 -4.385501459943262348e-01 -1.889873938860628100e-01 3.332272864487906272e-01
6.859456953286600933e-02 -3.093420220545010646e-01 7.794014058868714567e-02 3.242665622234597866e-01 -1.273402814713752440e-01 5.780246396037646006e-01 -4.076048939067957178e-01 -4.263685909912950378e-01 7.506553074580346596e-02 -1.500460830735981244e-01 -3.061349846229606542e-02 -1.760021534626335024e-02 2.216666059748747253e-01 -1.017849969679288646e-01 3.502839852594626796e-02
-2.544119830924698178e-01 5.429479316175066933e-02 -4.750442828650638383e-01 2.965468785408622576e-01 -1.306060572049161650e-01 -7.068109015775846278e-03 3.316101817817359021e-01 -2.635432658471501544e-01 -3.827731704788856631e-02 2.829507895845160825e-01 1.261001641974175413e-01 1.005518185369699696e-01 -8.716225183257834963e-02 -5.537469817775756420e-01 -2.049464662059122949e-02
