Mahalanobis correlated with human judgements 
Furniture: (0.3765861563628145, 8.551491745743028e-08)
Clothing: (0.3157691455839083, 7.501900012261852e-11)
Birds: (0.12011236839591861, 0.012175516491903361)
Vegetables: (0.19291746232394802, 0.0076592295623176205)
Sports: (0.32608253929834263, 8.18243329264149e-11)
Vehicles: (0.3405192509735723, 1.1155718821470932e-07)
Fruit: (0.3133706857510897, 3.6345988297137788e-06)
Professions: (0.414713742468629, 3.8183846268140463e-17)
Overall correlation: (0.2757393913999146, 1.9104846737744493e-43)

Baseline correlated with human judgements 
Furniture: (0.33790902433845593, 1.8604604250963323e-06)
Clothing: (0.35636926540207553, 1.3319444613239629e-13)
Birds: (0.1365207246728214, 0.004337143029707674)
Vegetables: (0.21258185514044517, 0.003233366118992987)
Sports: (0.4085613435520625, 1.2193033242267544e-16)
Vehicles: (0.4833605644687539, 6.295620125356201e-15)
Fruit: (0.31973445349087587, 2.2396390785629506e-06)
Professions: (0.4395680055284534, 2.730983752197132e-19)
Overall correlation: (0.30720882108241654, 5.17091946094174e-54)
