2.167542727342369469e-01 3.356898891685883290e-01 -2.080096221569946724e-01 -4.559406616949522317e-01 6.282415782181996478e-02 3.307254813673212168e-01 -7.830176200365696060e-02 1.259437238925494307e-01 -4.186323909624885264e-02 -5.749791703646792707e-01 7.380438529179329799e-02 7.014441935409913842e-02 -1.494574460947915018e-01 -2.978212442500786650e-01 -1.024019514905529643e-02
-3.063595855281033842e-01 3.582878853250388851e-02 -2.335225666472304507e-01 -1.614367818385915865e-01 -3.314204613333331939e-01 -1.108719559315783781e-01 -3.753091219446218207e-02 3.852552779160960950e-01 -3.985422700374899874e-01 -1.817467223344470251e-01 -1.240625893074247116e-01 -3.323113476816743628e-01 3.536287945268225541e-01 3.258445809801073234e-01 5.818059853903075063e-02
4.743171431829195095e-01 -4.752519775297291416e-01 -1.748430923796430447e-01 7.890753069241954534e-03 -6.100553592734813124e-01 6.334364542077385030e-02 -5.802385802533577101e-03 -1.962539188288003889e-01 -1.735658752989133538e-02 -3.319416123186473555e-02 -6.855899392385021544e-03 -1.438455236339147292e-01 6.071330320225120508e-02 -2.135871817125027106e-01 -1.798609924237749569e-01
-2.606668321743893513e-01 -2.682066840350605386e-01 4.556758570569674482e-01 -4.979629171889485284e-01 9.253386550775545560e-03 1.728618601765399831e-01 8.788617931369559211e-02 -9.593319571200843721e-02 3.905570638406830053e-01 -1.173322093553999940e-01 -2.883742677614626881e-01 -1.387634005677188809e-01 1.726342324687137053e-01 7.113251867825907959e-02 -2.324593226291423453e-01
-2.900895845647588067e-01 1.436199014294190779e-01 4.616421560010807168e-01 2.628127958806746878e-01 -4.419513110442183090e-01 -2.829548918149710768e-01 -7.913810211697527852e-03 7.120822342644608782e-02 -3.034976732773876987e-02 -3.598857141247215896e-01 6.556676616592095608e-02 2.716071393892536268e-01 -3.961809084436508643e-02 -3.498222832735009558e-01 -8.132758188225789470e-03
8.775577394222791594e-02 2.476804137183893917e-02 -6.795323289281023083e-02 3.380835811256421852e-01 3.018452829849848848e-02 1.089258142027219461e-01 6.343564648940294148e-01 -7.293168315795592327e-02 1.877123467590910422e-01 -4.477541622501362006e-01 1.843011530579936885e-01 -2.660570874935241220e-02 6.636134958293198050e-02 4.000691323456031512e-01 -1.319492015918629912e-01
1.688827598812866482e-01 -2.842617839415740796e-02 9.350391942043449756e-02 -1.657252735110366360e-01 -2.641678297620659865e-01 -5.241269244264180893e-02 1.652279427022239344e-01 6.307792618158137854e-01 3.589706503673610327e-01 2.159005276669239692e-01 1.321348857057970394e-01 -7.192173787838317643e-03 -4.213696669698660524e-01 1.568705783963146583e-01 2.039684733180541776e-01
3.103599852598449282e-01 2.758843584460237697e-01 1.900953331947805858e-01 3.222907729348736816e-01 9.518139248677184860e-02 2.181586468342234242e-01 7.222094181776902988e-02 4.158653971890486356e-01 -1.684871325045718057e-02 1.520374368105432694e-01 -4.201807262149557798e-01 -1.298525406133016202e-01 2.754692451903213435e-01 -2.227971061490609805e-01 -3.322795430686846241e-01
-5.588299068389150810e-03 3.822795951381319918e-02 1.511500451908473763e-01 -1.916102731970570350e-01 8.465564715763822246e-02 -2.375787274738591082e-01 2.747560585598699534e-01 -5.279944860936166412e-02 -4.711355986385186712e-01 9.716146585949597680e-02 7.101080616683513869e-02 -2.301013279491596064e-01 -4.773096453659141924e-01 -1.398234365353650394e-02 -5.288094129970192236e-01
-1.932081145582583565e-02 2.869561692397000208e-01 -1.497000236681646779e-01 -3.336390645921061271e-01 -2.371160692068522147e-01 -1.719678256257792595e-02 3.497371109957200241e-01 -8.026606583231203629e-02 -2.443173133358681609e-02 3.759901702712087901e-01 1.134774559151905532e-01 5.385345813747769439e-01 3.465867810621418577e-01 -5.455239325772163334e-03 -1.823869252886302361e-01
2.771774943607282493e-01 2.842206476808398774e-01 4.685195115825588896e-01 -3.097927096271288136e-02 -2.494788040253043682e-01 3.412563136196755109e-01 -1.303973007302151321e-01 -2.716574139125041421e-01 -2.922679769856706966e-01 6.109826086468614359e-02 -4.713604215472722014e-02 1.277704978497186394e-02 -8.383801628757921176e-02 4.358574409876247446e-01 2.527550417138795247e-01
-3.249709456371657756e-01 -3.423486095508789795e-01 8.333121164468940134e-02 1.087842343587831495e-01 2.963961655879319632e-02 6.506139240847316207e-01 1.807232721500965644e-01 1.888673390743678959e-01 -3.082672897976215243e-01 1.409318912771989063e-01 3.023673549212771983e-01 6.574609428492883545e-02 -1.558565084361330198e-02 -2.194022336811051743e-01 8.297660376446029662e-02
9.729409373296980801e-02 1.681557942579882392e-02 1.588702733998811345e-01 1.528448944561221559e-02 5.432565197926853690e-02 -5.779342285702405340e-04 -4.600449432294509977e-01 1.523515940427067616e-01 1.164021342139165138e-01 -7.502653877339526302e-03 6.531357540418948338e-01 -3.568644433793114606e-02 2.446242180570886993e-01 1.953041515274758499e-01 -4.330397740510399940e-01
5.924865699726674512e-02 -3.544488269478633935e-01 -6.642466186875804757e-02 5.317873376641780309e-02 8.820009236435960576e-02 2.153845936945857076e-02 -2.129787919105061433e-01 2.073576152071109624e-01 -1.741222301805961103e-01 -1.824335857105255365e-01 -3.256885137643184547e-01 6.312311488876845011e-01 -1.685567609284148727e-01 3.324443822948897620e-01 -2.448634718375668207e-01
3.920779822474143583e-01 -2.869896658122352284e-01 3.162518257687689793e-01 -1.985820361091404085e-01 3.188179848564194896e-01 -3.243576202391288410e-01 2.127042896089395008e-01 1.478999295291655858e-01 -2.727483354113507397e-01 -1.184330559200723332e-01 1.394649269321514007e-01 7.830834594784484570e-02 3.409403633856937788e-01 -1.037946684883532256e-01 3.308732344159771577e-01
