4.811038746144302714e-01 -1.726653240029472902e-01 -1.659719143573193667e-01 -5.365548754780713470e-02 -3.017536540412800727e-01 -4.011034458732039565e-01 5.890147539776127705e-02 -1.170105881196325248e-01 -5.122663357313056443e-01 -2.255258978152470117e-01 -2.429476350557026043e-01 6.061405666328006925e-02 -1.393390349844875198e-01 -1.464984257503182674e-01 -1.494876399329878591e-01
-1.092341365812099924e-01 -4.168068304432367976e-02 -2.256339174149329108e-01 -1.322611357169125590e-01 8.431569749951230153e-02 9.859954188932104624e-02 -4.441820080378282021e-01 -7.088301606154673307e-03 -4.596785934290909537e-01 -1.643521356638244224e-01 3.127200008112244189e-01 -4.574355773385301860e-01 -9.673219262599938584e-03 1.750442749631162809e-01 3.572909670317891973e-01
2.831764525620358297e-01 5.413639035783684994e-01 3.262624871617415545e-01 1.991004491930395692e-01 -1.337132764501941795e-01 -2.366953719513008869e-01 -3.871532980183958195e-01 4.349755009560391517e-01 1.622343621063170732e-02 -6.096026843424575542e-02 1.199129079587348268e-01 1.737611472636882990e-03 9.013933203003655914e-02 1.557118380443477668e-01 -1.300767640029179828e-01
-4.581785846193110467e-01 1.668180120120441590e-01 -1.530716657721939156e-01 -5.041593493781835189e-01 -1.828064865315118248e-01 -1.647845866832419737e-01 1.307164968292834351e-01 1.856977537819866075e-01 -1.986663376410576498e-01 -1.434586144871750346e-01 1.894373647137136407e-01 4.268621343236746468e-01 1.691593600341524950e-01 1.859448097248993514e-01 -1.765136686078555006e-01
-4.613446163353258217e-02 3.824980051052808694e-01 5.865916740255845419e-01 -2.219206085894320779e-01 2.118275542051076543e-01 1.452160565658051350e-01 2.696817566886404172e-01 -2.946547258457413165e-01 -3.609455100318462728e-01 -6.518086235057606037e-02 3.564014205651204470e-02 -9.592823731864760783e-02 -2.348858372722248122e-01 -1.802153246808923526e-01 -8.276083480931650457e-03
9.493914652567299328e-02 -2.897107084828544066e-01 1.543091106156820602e-01 3.186010928835719125e-01 2.936195669617833182e-01 8.952915074477470203e-02 -5.323424216551309734e-02 -2.017929656988044218e-01 -3.007116212397783483e-01 3.110167960590377173e-02 3.670987853668631340e-01 2.374420969374578805e-01 4.544332340845639862e-01 1.006996066365694331e-01 -3.804853020882704162e-01
-2.580993822394718820e-02 7.103386281429001359e-02 -7.257335381342429337e-02 -2.718575563624168745e-01 6.995545657789881133e-02 -4.093285569417394465e-02 -4.201968269213651741e-01 -1.840522784724229477e-01 -1.145122351998971166e-01 7.235000082004702238e-01 -2.331200359172738990e-01 9.187701630946716255e-03 -1.098264147205225555e-01 5.107886262459253313e-02 -3.040380982380895269e-01
1.199194145551994439e-01 -8.904267984813538095e-02 1.030933029631370262e-01 -3.418439105900278330e-01 2.314341849273309493e-01 -2.302358567975454351e-01 -1.416265055512838655e-01 -3.416050732755872010e-01 4.033827967018768224e-01 -4.067903954850730641e-01 -8.050445484819337971e-02 -2.010994754411239704e-01 6.458179048352752881e-03 4.038776397011623609e-01 -2.619272670992347507e-01
5.200874816009953827e-02 -2.357070172085239026e-03 -4.411102965142981586e-02 -7.235016115381094626e-02 -3.100895246597146770e-01 1.443360131454176354e-01 4.165747416936654846e-01 1.764427665427585057e-01 -2.983430689907720992e-02 1.809806496094162609e-01 1.100144883043888688e-01 -6.326319483010929279e-01 1.883607830673683925e-01 1.400010583408425047e-01 -4.091499851139023813e-01
1.192184243001618987e-01 -1.476893555836184813e-01 4.738692323615489171e-02 -1.251513139310274358e-01 4.548932384456375044e-02 -5.081334116629597775e-01 1.280101090953424392e-01 -1.991259207173643256e-02 1.898918003676159372e-01 2.829703907697059262e-01 6.663888944019329408e-01 -3.913524307046149786e-02 -2.434835873205404289e-01 -1.855448687939951768e-01 1.164752691975830950e-01
2.689266869850195363e-01 -1.158349235916999315e-01 2.609374969906804176e-01 -3.667105100894843539e-01 -5.069520619225302838e-01 2.995825145714924864e-01 -2.075293568376812559e-01 -2.143006601358409258e-01 1.625879493217128047e-01 2.937104539353549079e-02 1.251344040445117045e-01 1.098464648269441568e-01 3.665104393073325140e-01 -1.865679673323368537e-01 2.275798231628628765e-01
1.271750994510041921e-01 5.333427555531375930e-01 -5.425797001091734462e-01 6.082745198284098681e-02 4.758035793161579513e-02 1.335953628962174566e-01 -3.075701317608706478e-02 -3.429610927472449555e-01 1.463564388786053883e-01 -1.361013393043751796e-01 2.209808843326941663e-01 -2.623169435279528849e-04 7.765216950103109861e-02 -3.551373973351082958e-01 -2.041336342219853828e-01
3.191985017326752216e-01 1.425169224336013674e-01 -1.213728494822020054e-01 -2.737689051611548741e-01 4.639729469313986776e-01 -1.660925722640939906e-01 2.449788584017922877e-01 1.805570008318723441e-01 -5.311214675497930027e-02 1.648532707355248872e-01 -1.993545913928572166e-01 -3.922979354216642872e-02 5.185283060942430522e-01 -1.726402638023178185e-02 3.349611469777191708e-01
-1.224649363868048485e-01 -2.424319849712017472e-01 8.646091160702451539e-02 -2.266337109295990526e-01 2.332376438101221028e-01 2.978209103067331123e-02 -2.487435118019953595e-01 4.003473817080772101e-01 4.878794749596825076e-02 -2.096806583837829419e-01 -5.703132949421490377e-02 -1.478924748754062157e-01 4.206382182487539839e-02 -6.461399013449037332e-01 -3.149848813933878722e-01
-4.669083870866174157e-01 7.456934909606612039e-02 1.378006877567486133e-01 2.427035484971737100e-01 -1.839550584226698760e-01 -4.973175125786103434e-01 -6.518741733182391307e-02 -3.106531159317656443e-01 -1.487025323055774515e-03 1.811959374098400313e-02 -1.799889678289464945e-01 -2.480437743161658659e-01 4.052182509277033051e-01 -2.190426930775451475e-01 1.009415319711312042e-01
