-6.197138448982063980e-02 5.773288980801336706e-02 3.396940791663895509e-01 -3.274326372388149942e-01 2.581022061819187585e-01 -9.922466635068652452e-02 1.543833884121325883e-01 -5.802791688760533528e-01 -2.666413367873449736e-01 -1.145198765856404212e-02 1.021456027697827985e-02 -2.901650268020468104e-01 -8.021177685708523464e-02 -3.830733181633145246e-01 1.565052942571406591e-01
2.415305001744589286e-01 -4.129870967123976805e-02 2.170891477281755855e-01 -1.397050470734058358e-01 7.867457202563224450e-03 -6.577602877167962325e-02 -9.260549802697144728e-02 -2.419802411007916931e-01 1.235989826249407203e-01 2.169954291649179787e-02 2.144242158442744295e-01 -4.509543429194552699e-02 -2.247312380452764213e-01 7.568305495901412883e-01 3.387301378451613165e-01
-3.647856581786619867e-01 -1.036633814198841541e-01 -2.992246800668942885e-01 -3.009045392130846319e-01 5.088381041816192329e-01 1.728180158489028007e-01 -8.015120075943481248e-02 6.841714372115952070e-02 -1.098112812611609923e-01 1.950804779676337253e-01 -4.292445630727275557e-02 -3.027485084419568317e-01 2.215818327598437498e-01 3.473237581508626381e-01 -2.507440774528842398e-01
-7.322809591225000816e-03 -1.850437465411000348e-01 -3.795832478095332307e-01 -5.942328872150477725e-02 -3.877975040208189728e-01 3.127119031007073446e-01 -1.606268602775142718e-01 -2.273973455113742770e-01 -4.985333426801982770e-02 5.183079418136593564e-01 3.750123438054432934e-01 -9.162338642313512527e-02 -6.835645176012210278e-02 -1.894091696131280644e-01 1.780405042402538607e-01
9.682491761731121249e-02 -1.367974473435302762e-01 -3.465085283688405515e-01 5.617300105239441121e-01 2.965027070368921325e-01 -2.948962206532024233e-01 -1.154919666759457036e-01 -4.226473061701660483e-01 -8.226306777091051126e-02 -1.131766643948882295e-01 9.895036762840156430e-02 8.979760038811096523e-02 3.387060233439562751e-01 2.337696849152380921e-02 1.294474637858049060e-01
-1.203860727911856832e-01 1.442540025878634169e-01 1.604895617521326368e-01 1.299859761900492572e-01 -4.145873699731721373e-01 3.590202350500454886e-01 5.316267853987241554e-02 -3.977730868585992452e-01 1.644563529242536182e-01 -7.542754312508583026e-02 -3.729578199886724454e-01 -1.857552280480089801e-01 4.459894720641378041e-01 1.977792511536271280e-01 -1.259198925776639499e-01
2.062062841157363824e-01 -1.644824698834353727e-01 -1.478983208192597154e-01 1.321807959883898598e-01 9.963715579450346804e-02 -3.106057896994307566e-03 -3.189046446938880175e-01 3.580813487331633432e-02 3.845399709160556845e-01 -5.821503486731853527e-02 -4.108957346950810052e-01 -5.548084677387670194e-01 -3.371695569866026698e-01 -1.609484906154519113e-01 1.032654688176088131e-01
2.815312005681549490e-01 3.193813291090145251e-02 2.484657601915354619e-01 2.098463232624704078e-01 9.080839016589908538e-03 1.653154430498178229e-01 -1.076728757622314181e-01 3.953204822501379390e-01 -5.436290445919389480e-01 1.053260018262934666e-01 -1.869427825658801293e-02 -3.355618074030781162e-01 3.020232205250000801e-01 2.090273864927768774e-02 3.277709239056214030e-01
5.251378326473524205e-02 -9.779546073975516063e-02 9.700643177074003143e-02 -3.089835538007621452e-01 -2.337192587702522362e-01 -6.727416235806560341e-01 -2.000281444637590778e-01 8.422341186025975035e-02 1.655925687378186073e-01 3.282789312120664160e-01 -9.153289316826915267e-02 -7.098266014162281368e-02 4.215380776811177288e-01 -3.779249755058224775e-02 -2.755090784292218292e-02
2.225459181561934563e-01 -1.146911584462796396e-01 3.020132249376356048e-01 5.170425040894792434e-02 3.729148286626938757e-01 2.850874932260322181e-01 1.855620046936588274e-01 8.028880113199805824e-02 5.703714317703080239e-01 2.146567094494117034e-01 2.740611923635191682e-01 5.426802633280645299e-02 3.113592431095907886e-01 -1.847342758805638474e-01 4.107405077524896309e-02
-2.262713344230962154e-01 -2.322486902020487187e-01 1.811732516804721305e-01 1.497613032456288906e-01 -2.038747501481645297e-01 -1.176171365865018720e-01 -4.413678446046107040e-02 7.962539003894489320e-02 4.987208333165095431e-02 -3.859623144415281759e-01 5.774408482517436880e-01 -4.499879670252428521e-01 1.572655679364515918e-02 -2.665715473403813471e-03 -2.971312905193520537e-01
4.943929222518946287e-01 2.222686993178223103e-01 -4.426023500691808055e-01 -2.081607339309915483e-01 -8.854031257790298537e-02 -8.091994733657814631e-02 5.636806014883450899e-01 2.555062235814966123e-02 1.774974442115209369e-02 -1.511574854456615713e-01 9.470489689196774641e-02 -2.856442122925704208e-01 1.046070157018760688e-01 4.193639849078287241e-02 -8.798801663056274314e-02
2.402498466187804882e-01 4.491669772711909259e-01 -8.497183312862727211e-02 -2.953269680341804038e-01 6.859013528344430621e-02 1.653385852920472576e-01 -6.327001569389241187e-01 -5.515465427029600520e-02 3.910574182199761523e-02 -3.217391405412736161e-01 2.071943812843820010e-01 1.032212279122943083e-01 1.708333565064809878e-01 -1.237325179736947084e-01 -8.703211766822326056e-02
-4.538813858264915679e-01 6.426678002220637120e-01 -8.885406887622820937e-02 1.749647498747086694e-01 2.427890355776647982e-02 -1.514879050542154715e-01 8.230440911221044431e-02 1.266301018168359827e-01 2.368919801354308630e-01 1.078633401114484497e-01 1.426915788890550374e-01 -1.940057921724372136e-01 -1.264954496392439731e-02 -7.297684472480451927e-03 4.124925650978449321e-01
-2.177518832654083136e-01 -3.762220640262360916e-01 -1.731158431579223056e-01 -3.217410622070532855e-01 -7.630945513859836715e-02 1.022330303510650129e-01 6.851719348567569812e-02 1.196092815172669216e-01 9.312018292774876249e-02 -4.678749939385503653e-01 -6.467227496691659028e-02 1.018732839553924824e-01 2.357714674142979694e-01 -7.255676629593622862e-02 5.824836833839220906e-01
