-5.347091923058358010e-01 -3.138455668824320366e-01 3.190646529898635841e-01 1.149556988779844857e-01 -5.083702169926330727e-01 -3.139269869486320252e-01 -4.236751683235751714e-02 -3.486628086221053580e-01 4.067064875438764632e-02 -8.164709042823863408e-03 6.306183471410041486e-02 5.829754984784579763e-03 1.176051251927302810e-01 2.561166206069129606e-02 -5.614014445269574537e-04
-2.198578989257645167e-01 -7.266739156599287541e-02 -1.785502300961608335e-01 1.170342292371239351e-01 -3.225390311372175467e-01 7.358097857190880609e-01 -1.199548137084957417e-01 -4.846283599441628814e-02 1.210265626662974797e-01 -4.997861184737658474e-02 -1.760257815742763132e-01 -1.254711878939028524e-01 -3.296868028324332900e-01 -2.557069270203339295e-01 -2.582018705684656704e-02
1.622468065462878417e-01 1.211406891833229638e-01 7.539286481253344441e-01 -4.752501879361800130e-01 -1.528443341022268399e-02 1.449235810984350892e-01 -2.196825408650146250e-01 1.622448306314763777e-02 4.320748250595035297e-03 -1.638660286885448847e-01 -1.538558151176236399e-01 -7.690323206313044724e-02 -1.516226113273576870e-01 -2.079215329875512899e-02 1.228472858561391462e-01
-2.402652044907231665e-02 -6.299828723094204330e-02 -1.213353248415044855e-01 -5.060489156384790910e-01 -1.966450103794860071e-01 -1.401696141880017822e-02 5.143309169825139859e-01 7.865203630328845841e-02 4.195359005050364187e-01 3.161162886303336417e-01 -3.390052213845552442e-01 8.156433649396717389e-02 1.303480702648789902e-01 7.504151251748556600e-03 -2.222415764531332494e-02
6.893788237944559194e-01 -2.649460835534450109e-01 -7.244102725828267808e-02 1.270974347157720064e-01 -3.738088330197187337e-01 -9.047997158532233852e-02 -1.277188956550719401e-01 -1.552218689911225302e-01 1.058995418963894625e-01 8.530189571742849419e-02 3.195504030912180160e-02 -1.528857132214478387e-01 1.523798468893628466e-01 -2.524410729656465513e-01 3.391178712431577869e-01
7.502732712341103616e-02 1.306733700537355269e-01 -2.763557119848680244e-01 -2.611763024300198799e-01 -4.632011664412237217e-01 -3.196154076658211385e-02 -1.669040119736254213e-01 1.297184458161650122e-01 -1.763539658158031209e-01 -2.028100563881624768e-02 1.663455059777288192e-01 -8.659136318378880814e-02 -2.382535099420598490e-01 6.659681148135723205e-01 7.409418353384453204e-02
-4.307795076600494724e-03 -3.030726724746041212e-01 -6.573048154519035846e-02 -3.222582770836192601e-01 3.984751121158584125e-02 -7.813977581325362576e-02 1.436343867811753494e-01 -7.161339142996060725e-02 -6.549612699414896211e-01 2.992181748823127818e-01 6.279105878130453178e-02 -2.520840927744906201e-01 -2.416265667137217077e-01 -2.988746869486638702e-01 -1.811081905905906619e-01
7.805867038733900823e-03 -5.346520800541548768e-01 -2.572122851434521795e-01 -2.485416771109782985e-01 3.476731370150052958e-01 -4.742457880548756055e-02 -1.527294592618971547e-01 -3.118044958830985536e-01 1.551343289805724446e-01 -4.604725155580892126e-01 -2.218407867039442205e-01 -9.779521220131476289e-02 -6.108695203657560358e-02 2.094379451194367803e-01 2.521950646603950737e-03
3.750131915900454193e-04 -3.182690949235788408e-02 1.297897064940303768e-01 1.728192825437843139e-01 1.741766751693969995e-01 3.550162776193456216e-01 2.074500788858719691e-01 -3.841761335931895283e-01 -3.046118947026055235e-01 3.032869357070568928e-01 -2.130291236634330176e-01 7.365217771743377828e-02 1.831740445582463461e-01 4.034014374988115770e-01 4.164267684890560206e-01
-2.064179718420919296e-01 -3.486740420999491219e-01 6.342545438622097798e-02 -4.257496730247319061e-02 2.427049176765114502e-01 8.648400694884939011e-02 -3.599454649323958200e-01 3.824205634797903652e-01 2.647113770727526627e-01 4.805365335549919292e-01 2.544140266288004160e-01 -2.467519349838728504e-01 8.056552833275446024e-02 1.041812050236574638e-01 2.093948808094509839e-01
-8.719560691001695951e-02 -8.545842422503190094e-02 1.103402420103662407e-01 1.477575990541473427e-01 1.142953483625970545e-02 -2.371015352187298350e-02 5.776557682215992529e-01 2.786508798975430579e-01 1.698275136978453365e-02 -3.697223382785981283e-01 1.821106277682754959e-01 -4.408141421200180710e-01 -1.575257996487547663e-01 1.870322296976868748e-02 3.865651351267585523e-01
-1.133369054320745167e-01 -5.735480993036738001e-02 -7.672527738841472544e-02 9.334272740922741618e-02 2.737733333679003705e-02 -3.181591332081677437e-01 -1.109303551999907128e-01 1.998776439838183261e-01 -6.425291391417120579e-02 7.569144157540191875e-02 -3.518337941938338154e-01 4.259210523416293026e-01 -5.022958692164056771e-01 -1.385013975429352784e-01 4.780135979327582718e-01
1.166128242777755286e-01 -4.873565719592374834e-01 1.358649808444047924e-01 3.414411174309461144e-02 -1.446387377637399219e-01 2.478854111202291044e-01 1.037526294564817819e-01 4.503811679658719647e-01 -2.353199792010243485e-01 -2.063939593929749461e-01 5.514940371091580501e-02 5.011203226332068272e-01 2.305351370942385070e-01 8.323958820178105344e-02 -1.451629755141961575e-01
1.773861885000299066e-01 -1.311146624449510689e-01 1.379988001481329274e-01 7.077494098194590626e-03 1.034862729802338149e-01 8.443549950737633258e-02 2.240019189223751428e-01 -3.073732129149078784e-01 2.863530048330775180e-01 1.437643486032060824e-01 5.424311043528370346e-01 3.312580088154720159e-01 -4.966012745184136823e-01 7.920911251579321188e-02 -1.011874480678616878e-01
-2.231014891609691686e-01 1.572004198706717648e-01 -2.337845204060462756e-01 -4.215560848452722387e-01 1.093189034705559226e-02 1.318765675719563712e-01 -5.799537850796959715e-02 -1.327001678965968046e-01 -8.753378246080907588e-02 -1.811378608040958849e-01 4.245725025567811395e-01 2.545256184535122923e-01 2.801391023397672986e-01 -2.944778840863274683e-01 4.516104030523999113e-01
