1.511523704600896412e-01 -1.885491000995225680e-02 -4.699469086795274864e-01 -1.137982409850694376e-01 -4.154488941202529872e-01 1.869709209847537357e-01 -1.807009353370453153e-01 6.127622054584170863e-01 -6.268964160899428983e-02 2.483033806866387083e-01 -6.250023144175327616e-02 3.318896988999948949e-02 1.238129697081057634e-01 1.287463869381061388e-01 1.575227886968508240e-01
1.121613776999258183e-01 1.804893965130418554e-01 1.533984783214537573e-01 -3.542940414192606857e-01 -1.441370411932972606e-01 3.063960270603636182e-01 5.016350548078680333e-02 1.859005198604531117e-01 -1.010692254140111157e-01 -6.729303184725585751e-01 3.094708389551004829e-02 -4.128807165317279759e-01 -1.260565366861316795e-02 -1.247659687628164676e-01 -6.208695641552831879e-02
6.722387334536439329e-01 1.233847627426521223e-02 2.299165141284402747e-01 2.489782596299416062e-01 -2.540743230428094690e-01 -2.425594211984233861e-01 -2.156727469797067864e-01 -2.171916394953365276e-02 4.458400590836083532e-01 -9.690415431213435238e-02 -3.183404764259997743e-02 -1.260479412643398210e-02 1.633980899457114222e-01 3.483211350810590939e-02 -1.595854220662800971e-01
-2.636515781698456351e-01 2.464541239520073312e-01 1.701428378759088297e-02 7.196579456969225130e-02 -2.804303633204864865e-01 -1.640070785228094352e-01 9.383494163567199231e-02 2.801488033032353275e-01 9.890474053202608085e-02 -5.993802262392454450e-02 4.608594238547581573e-02 3.278901463678216555e-01 -4.005860937946025269e-01 -1.809964350450280479e-01 -5.959968837720798218e-01
9.598427245729793111e-02 1.853998448092146825e-02 -5.029664361436524123e-02 6.065364520399698645e-01 4.602250168488679627e-01 1.831983513238807648e-01 1.150487704663145511e-01 4.456740933285548434e-01 1.038692524822698998e-01 -1.054783762742184383e-01 2.033373999624025763e-01 -1.571326494296388376e-01 -2.420061857340356504e-01 -2.517782711638084231e-02 1.250781962136275072e-01
2.209007997844372479e-03 2.636287806047089011e-01 4.850857996135077843e-01 -3.308386784781006118e-01 2.189450516061570429e-01 1.322598913138540166e-01 2.282065019104672632e-01 2.971182927301180832e-01 3.266855322181577703e-01 2.914716685429532550e-01 -3.386411465308324376e-01 9.926670173146658060e-02 -3.009882816898370311e-02 2.167804990933215603e-01 1.258364864812547834e-01
-1.365511955464630001e-01 -3.598434250067247264e-01 3.200800199582781724e-01 1.788147714974852309e-01 1.959554849185577916e-02 9.321110383532207888e-02 -4.635620870412163197e-01 1.255086145260123631e-01 -2.999123387586984379e-01 6.858288585299388007e-02 -4.448512563338527515e-01 -2.390437191403509132e-01 -1.268906134827061105e-01 1.616800406931335754e-01 -2.929143152672621375e-01
-2.401034302567929823e-01 2.557338463151793695e-01 -2.951259808615346869e-01 9.990473693613005635e-02 4.302292743959535565e-03 1.517115613429351750e-01 -2.929866804786595003e-01 -2.296236562812579429e-01 3.430195669361416622e-01 -3.444083619862993162e-01 -1.943960858512183421e-01 1.113615557450938487e-01 -1.514375388206650741e-01 5.482799150405998079e-01 9.084131634770728492e-02
1.965910622696525611e-01 -4.032757004341697149e-01 -2.772903556640263778e-01 -2.557683072749249442e-01 7.310260930898733467e-02 -4.274911094780649568e-01 3.164530191294608330e-01 4.425529168805987512e-02 8.820463721023387438e-02 -1.081881255948992926e-01 -2.277854259512617219e-01 -1.962788834220056955e-01 -4.733128990839092221e-01 1.779193953509645987e-01 2.535488938561239816e-02
2.843121100122092404e-01 1.602008511357196352e-01 -1.453851612774872126e-01 2.287809130750352582e-02 -1.214129445704732468e-01 5.065633573018646363e-01 4.179755821904072161e-02 -3.808117880897627927e-01 5.095405585940319948e-02 3.687698043228446187e-01 -1.191278441167597235e-01 -2.026174394619917607e-01 -4.503691125137750384e-01 -2.188544277873084309e-01 -9.574714015264754186e-02
7.416382150910795501e-02 -4.028820269719670527e-02 2.212396145296899597e-01 2.772679558057653537e-01 -3.928535779844213316e-01 1.410325030036330418e-01 5.102273797056658955e-01 -8.920124287382813488e-02 -3.199311400174569830e-01 -8.836716390694963896e-03 1.297159043870043105e-01 4.761522428679006158e-02 -2.790978076177081518e-03 5.504196684154698538e-01 -6.489398815800274077e-03
2.371503383059308523e-01 4.800045277108859199e-01 -2.795212516626389143e-01 1.192512351672710275e-01 2.704132163091437224e-01 -1.877157484047166369e-01 1.632106990185956952e-01 -1.411546008540672491e-02 -3.888731585795084933e-01 -2.869751901763435351e-02 -4.496999684715033418e-01 -2.146712690494462575e-02 2.626151560576558408e-01 2.273176815487708280e-02 -2.481625701838883202e-01
-1.565434873084714240e-01 -2.677641616204060604e-01 -3.931007318361066233e-02 2.709251296783286578e-01 -2.145234647000125450e-01 1.844136908181737700e-01 3.105641852506572098e-01 -2.025806813588295827e-02 1.917170752591585980e-01 -2.281542459018723878e-01 -5.491106953309332628e-01 1.992609592919084571e-01 1.802559351834158163e-01 -3.875229909630623082e-01 1.981363183454463162e-01
-2.333976050917267175e-01 -1.670258009390096776e-01 -2.020438022436857606e-01 -1.133553025474632117e-02 6.421852934838212512e-02 1.360302385552241144e-01 2.411512725827191228e-01 -7.115883525803893411e-03 3.848159564565847846e-01 1.616162533418923075e-01 8.861800600156637120e-02 -4.249756245334344040e-01 4.082406952507230957e-01 1.307583263346053515e-01 -4.994258291472747358e-01
-3.121533081733943171e-01 3.486070677042433230e-01 8.721414986615019793e-02 2.109311138680247943e-01 -3.249593976533444173e-01 -3.945577831949044767e-01 -1.524516767811515388e-03 5.568407494031347993e-03 5.817235402835723573e-02 1.623374108350101319e-01 -7.604372335390681414e-02 -5.604041832530286538e-01 -6.205793438595047506e-02 -9.593175595549784107e-02 3.240375794139989662e-01
