5.200688482839180837e-01 -8.995792968481033935e-02 1.336721211606039031e-02 2.166439597897345803e-01 2.895460839538880338e-01 -1.674366448423277864e-01 2.449778661507947056e-02 6.166453248678062105e-01 -2.586830406570375107e-01 -2.367992577087494124e-02 1.025399771165664588e-02 9.868438905663458327e-02 2.723814794574983544e-01 1.575106761822115675e-01 7.263898591948809991e-02
1.398409591347587466e-01 -2.108073064348640058e-01 -6.043952516419696108e-01 -1.247178125103085488e-03 -3.644545465112190019e-01 7.676477983349232204e-02 -3.606942325027877594e-01 1.452115601586801696e-01 -1.346204053959993742e-02 -2.745129136089963229e-01 -7.073026993681756636e-02 1.413091817516934356e-02 -3.647071749551168418e-01 1.940346343871202917e-01 1.714676429194547380e-01
-4.068730607361348839e-01 -2.239763866030640704e-01 -3.715206819619203821e-02 1.436860619531154237e-01 -5.409865113429767475e-02 -4.375248623804854353e-01 1.712732464551411926e-01 -8.331152670494638979e-02 -3.022774747099190584e-01 4.923560960688504184e-02 -4.340498489785136194e-01 -7.365451820979539155e-02 5.999862978211824988e-02 4.808138544134940573e-01 -9.607835780622822619e-02
-2.925075897867990271e-01 -8.970476667463396503e-02 -2.357158909190182061e-01 -1.702969365171397298e-01 3.761225533790293341e-01 -1.068137849986207227e-01 -1.598399624791177476e-01 1.598650184387254702e-01 -1.643870333837973152e-01 -3.452898287436400038e-01 -1.525921100352423954e-01 -3.972329527869194465e-01 1.380726630346300332e-01 -5.192514022764208592e-01 -4.282203796413366903e-02
-2.879489216543530961e-01 1.875282017702702697e-01 2.080597163025904306e-01 1.926359786703349397e-01 1.708277704687522769e-01 9.691983800740908150e-02 4.947905592611155645e-02 4.249208384070725097e-01 4.953235318814349641e-01 -2.405917544578695111e-01 -3.663168780953795500e-01 2.173519856824975560e-01 -2.997048452815392339e-01 5.211688163904350940e-02 5.235217415545360270e-02
-2.930208884144872572e-01 1.293095793155698559e-01 -3.329553292727528979e-01 8.037225517921259277e-02 1.107958368766576995e-01 8.871669383014638664e-04 1.897361282316374909e-01 3.455737355862065763e-01 1.203633558227226591e-01 4.810669562660954135e-01 4.240340796670338253e-01 -3.664687545241747113e-01 -1.763162188481350867e-01 1.454743465405323455e-01 1.158163247053706733e-02
1.279560755260857885e-01 1.478763834434029534e-01 -5.384356839119567306e-01 -2.589614607611546160e-01 2.364094574146838046e-01 -2.452928085281274595e-01 1.179692567549838339e-01 -1.194327856770703716e-01 3.110319210934752165e-01 1.417254711596846739e-01 -1.476539038461909259e-01 4.229816870807068252e-01 1.587477588863858147e-01 -2.210195606680590702e-02 -3.425133126275833884e-01
5.079530171368903946e-02 4.983777571700220843e-01 -2.344085202634069443e-01 1.371233080391400239e-01 -3.089167879212940948e-02 2.046017817438457176e-01 1.561214190640324573e-01 -1.785134139405012976e-01 1.071591666119210556e-01 -2.337151648357571887e-01 -1.469217932625541123e-01 -2.733943053461452832e-01 4.634619219055100547e-01 2.455839641822522290e-01 3.724075856229745463e-01
-1.805056014914545592e-01 7.068740825817858286e-02 -2.356486828825222202e-01 5.625028105648818277e-01 1.839403512960042508e-01 2.385463393440367397e-01 -5.770570770426153989e-02 -1.695393829925852525e-01 -3.571545392601741531e-01 2.344878580590341877e-01 -7.948944644559967354e-02 3.937097552176296311e-01 -6.662310491899214870e-02 -2.919457202165581799e-01 1.847391105504485875e-01
2.924283299686731286e-01 -3.116466431254301672e-01 -6.158727188129363428e-02 2.367351095481463052e-01 4.765257165835830588e-01 1.123328341657608975e-01 3.281366062509441517e-01 -3.671384766590850002e-01 1.323396736495614512e-01 -2.219726106161921397e-01 4.522619254927019716e-02 -2.427420889893291966e-01 -3.490703029675099045e-01 1.393188822456175591e-01 -7.969462465145364660e-02
3.836106276195785231e-02 -5.842711873278538803e-02 1.132054638724003526e-01 -2.110547399878204833e-01 4.119093555909723037e-01 -1.506001154243728213e-01 -5.191259077520926635e-01 -1.765630555810091262e-01 1.587468155038328499e-01 3.442537099664370603e-01 -1.321773158577800866e-01 -4.813074626821880336e-02 -4.936882402688113486e-02 1.836347145540043746e-01 4.950571872588361289e-01
6.405046020818110086e-02 3.799876867177233719e-01 3.596751103923920972e-02 -3.847176249967096950e-01 2.070252878276018504e-01 4.099071082174982061e-01 -3.209901070589172428e-02 6.164773549706035333e-02 -4.682935370736722169e-01 5.430062346012477781e-02 -2.183944675040281613e-01 -3.374984959921264321e-02 -2.909967031083057210e-01 2.490055529077829788e-01 -2.621565367347150066e-01
1.304506265839480428e-01 5.576123033904272219e-01 6.677977918175072303e-02 2.647775137444657312e-01 -3.331777288729480171e-03 -5.698109536111890527e-01 -2.368473718799007088e-01 -1.362600708313679021e-01 -9.523029046016832921e-02 -1.762243425812120845e-01 1.777639407976335240e-01 -9.346549594201371269e-02 -3.112145725944984731e-01 -4.609796457126477676e-02 -1.366974656785741593e-01
-2.905214953362117991e-01 4.651301946514396421e-03 -7.418612959943025019e-03 -2.860461339257098778e-01 1.977290689028508852e-01 -1.063632277781677987e-01 1.929762737522718319e-01 -2.238805422206312581e-02 -1.887589750419920165e-01 -3.966289616382823180e-01 4.902273690438840315e-01 4.048536640508244022e-01 -3.635186333355153177e-02 1.915073464504026546e-01 3.322301058505258697e-01
2.145857426116564992e-01 7.900664855704821188e-02 -2.509971474422777182e-02 -2.388529841544104748e-01 -1.676068427009387296e-01 -2.357654400955147556e-01 5.126552610897693318e-01 4.977052772361065247e-02 -1.103589895627579975e-01 1.559772163272345191e-01 -2.835030116050586968e-01 -4.018098704297917712e-02 -3.124801726799441570e-01 -3.359916919404472568e-01 4.604666143651225951e-01
