-1.221704760495735537e-01 -4.206266135481591673e-01 -4.858809186152097670e-01 1.923921152676929536e-01 -1.818950620541251451e-01 -6.037108373291125707e-01 -2.541910805662866424e-01 1.332756378154060228e-01 1.859805446737544388e-01 1.433031084285710521e-01
-4.658095047804509670e-01 -2.267053828645353847e-02 -2.990062923974010946e-03 -1.224859573816346470e-01 -5.271340051026719015e-02 -1.769193349299264251e-01 7.859705022128518070e-01 3.280038769713071733e-01 -6.922294980395318764e-02 5.734681870961359784e-02
1.271093467820507417e-01 -6.642309312974408186e-01 5.034018064785255042e-01 -1.598555468972809035e-01 -4.364409754966379063e-01 2.026907138498889802e-02 9.308940166585517872e-02 -1.535536820854981332e-01 8.024347020698620325e-02 -1.846574244000409870e-01
-1.663994955159218414e-01 2.990253917045372634e-02 -9.662124127141726027e-02 1.052172145375885326e-01 -5.607921001180154325e-02 -2.793723866453003413e-01 2.106940865260344825e-02 -4.915614654507675096e-01 -7.049398740330562463e-01 -3.616629522484570702e-01
3.228255123043346497e-01 1.551258612255277877e-02 5.051741064769125211e-01 4.785770150439043746e-01 3.385717232745855121e-01 -4.449206860140949571e-01 1.384523542315607980e-01 6.030081921831507291e-02 -9.463147135139798882e-02 2.587675093379892544e-01
-5.613888381384843917e-01 1.864728259011147748e-01 3.960956220799828897e-01 -3.373710128933258279e-01 1.164271041870311163e-01 -2.932052229965085299e-01 -3.063605994879130545e-01 -2.976241920616727876e-01 2.368103108956928493e-01 2.032703669871657737e-01
2.205213314616498721e-01 4.099909652044672059e-01 3.765495777248352438e-02 -9.451812434331886836e-02 -7.164144915783958734e-01 -1.229506214995710334e-01 1.032458075159538302e-03 3.313763104938832315e-03 -1.856443322215997616e-01 4.583489227592938420e-01
-2.518352971090867531e-01 3.584019853126457766e-02 -6.652992361036984270e-02 6.197478545662933325e-01 -1.923066542374775034e-01 2.726436821470008542e-01 2.233367933616524359e-01 -4.940013254630118977e-01 3.494052260024225198e-01 1.395125724059437800e-01
2.881396729229295794e-01 -2.383662634586652951e-01 -2.769129839255334846e-01 -3.906133062661673594e-01 2.970296918793102758e-01 -3.726932717669802133e-03 2.866611190340655480e-01 -4.838769257051768191e-01 -1.854315361637669940e-02 4.753963028954853454e-01
-3.313629691107490838e-01 -3.453318182048247253e-01 8.089624519105167999e-02 1.513374122553914347e-01 6.217385031508782661e-02 3.903638888776220228e-01 -2.518865812481553834e-01 1.975807053960044468e-01 -4.850920143686133779e-01 4.974419588643089196e-01
