-6.499301827852693725e-02 -3.501068839007068223e-01 -1.049588045712150502e-01 7.437231122235872238e-01 1.280879561528792121e-01 -3.984799599709324402e-01 7.527787090611369469e-02 -3.480392305035020506e-01 -8.220077690066596166e-02 1.768684701321240893e-02
-6.228272433901538285e-01 1.790995019453194004e-01 -2.809303093520538197e-01 3.869464156612614780e-03 8.128162537118523157e-02 3.746440889099448279e-01 -3.847672537703740181e-01 -4.460248353419168921e-01 -4.534078763969671272e-02 -7.119062796988911979e-02
-1.264911302642851010e-01 1.561210889658972978e-01 8.991782263069647563e-02 1.469946946107795194e-01 -1.770506339678389052e-01 3.077202596300093740e-01 7.270964134555309988e-01 -2.135384371489749411e-01 3.938610549772403324e-01 -2.729477423818040260e-01
-2.815007259524448524e-01 -1.058658731851212786e-01 6.316210196796109289e-01 4.226335182468778096e-02 5.028493618508870361e-02 -1.442801512831995148e-01 -3.176923535050584779e-01 3.560864459733995707e-02 6.091791716534871171e-01 1.103514734424326238e-01
-3.372932482626072592e-01 5.555431916068436227e-01 2.600379837657948445e-01 3.573034336009354717e-01 6.584215919231499459e-02 -2.710095153125997858e-02 1.572890975324589546e-01 3.775322701792384605e-01 -3.575375438578845544e-01 2.866117727406606863e-01
6.740783587905567475e-02 -2.310553634748577223e-01 -2.120712683099355289e-01 3.852074348673523718e-01 3.027735352847427119e-01 4.996210579782197625e-01 -1.438439520439693808e-01 5.577903209502168558e-01 2.033878385991266802e-01 -1.850131323242788783e-01
-4.162030128833349440e-01 -4.282099428322516665e-01 2.940727196288423495e-01 -1.831009916263275361e-01 -2.768396253306126820e-02 -6.283192236276138876e-02 1.214646203584557882e-01 1.887201476450059701e-01 -4.215774804147398025e-01 -5.390693712258531889e-01
-3.186871530764902039e-01 1.529727794091184923e-01 -5.125135528174159516e-01 -4.405627604803791925e-02 -2.780779350522579185e-01 -5.102046240068071059e-01 -1.214462498767318946e-02 3.586134670451697204e-01 3.243027949441841806e-01 -1.971477115043099859e-01
-2.208376018571045762e-01 -4.482631675915131342e-01 -9.131602707414421261e-02 1.524359560017856698e-02 -5.783140227188634519e-01 2.440970973596443827e-01 9.306799103996467315e-02 1.189429832224556116e-01 -4.216249636456701616e-02 5.684211819179110226e-01
-2.659947747497687365e-01 -2.001200844297874593e-01 -1.815213056557821725e-01 -3.342417105924062604e-01 6.592142435175250004e-01 -1.055999194650800443e-01 3.843124211224954179e-01 3.220088935195828533e-02 1.052814912025386435e-01 3.728261492513376130e-01
