-3.321667000650357915e-01 5.078811203591709900e-01 2.954822054643552187e-01 -2.864942587431155152e-01 -2.495989243800752488e-01 -5.253634754074257840e-01 -1.750579533831821410e-01 3.001006404493264390e-01 4.877484639168270381e-02 -3.069666898173173744e-02
-1.708757519927094348e-01 -1.295431685795218057e-01 1.203586008380033018e-01 4.381640441896998417e-01 2.825665594751342047e-01 -4.737226385484950564e-01 -1.279481963865818361e-01 -3.460657593199457094e-01 3.255281689555551972e-01 4.485401700139674541e-01
5.976476007518550793e-01 3.636645370236174513e-01 4.740238632766759497e-01 -1.272412462626729135e-01 4.242750157743886419e-01 1.266159628329487606e-02 -5.750330460298862939e-02 -1.528834775259464707e-01 -2.270005808362438315e-01 1.062903365750843682e-01
-1.474666636342106818e-01 -6.233144635180409843e-01 4.778230163846374778e-01 -1.766557133015698722e-01 -2.880282564735744608e-02 -2.067828562630314171e-01 -1.415397019103395715e-01 -1.939800777388039910e-01 -3.444165456218611365e-01 -3.321706181659137558e-01
6.668820604581222611e-01 -2.400487450393995748e-01 -9.236567478540357035e-02 -6.613156064552358493e-02 -5.403341417469313956e-01 -3.712052970491357962e-01 -1.299713707920450989e-02 4.205396304126623325e-02 2.070165830486421221e-01 1.009575748548161567e-01
2.900105097312509830e-02 2.924114248805708693e-01 -3.328445927547610261e-01 3.837190303708080119e-01 -1.714611065626357456e-01 -3.082118901240798459e-01 4.511365433746074294e-02 -3.534405159818568842e-01 -5.887747029246613861e-01 -2.400502222873514835e-01
-1.229205944196313724e-02 -5.218670381441151834e-02 3.704660523611828515e-01 3.868307895262886320e-01 -8.323744055418812182e-02 -5.994040273730328466e-02 7.408165200331858768e-01 3.635160655617871162e-01 -1.180356173364260214e-01 6.953790992069409926e-02
-3.093898848250627512e-02 5.064381382170499851e-02 3.203844210910643531e-01 4.147720302802067049e-01 -4.455956471357387927e-01 4.118129034195524008e-01 -4.863458904276095063e-01 8.450101168131982088e-02 -1.756591999052619923e-01 2.812858331682285273e-01
-1.473597826840969682e-01 -9.853959384082988660e-02 -1.423826482728521026e-01 -4.270796501124380917e-01 -1.035055266040154492e-01 -5.286536224292520854e-03 1.872596148458123555e-01 -1.053254718012228419e-01 -4.370067850499357864e-01 7.197425281159708366e-01
-1.146373602985089057e-01 2.153517547044671021e-01 2.563388050058140744e-01 -1.511659099910103443e-01 -3.734439483297112838e-01 2.250822210441039695e-01 3.271575805625462352e-01 -6.723912012484987155e-01 3.102021870742307508e-01 -8.019592507398413950e-02
