4.385431732104801417e-01 4.083619768167525144e-01 -4.387053174861915011e-02 6.785186461235410971e-02 2.090853046126211201e-01 5.901741676815067672e-01 -2.778284786077588886e-01 -2.059544970519867069e-01 -3.085600294169003055e-01 1.659953586544198056e-01
1.720240418843905494e-01 4.036070402477053010e-02 -1.502042372654036062e-01 1.160622647802294349e-01 2.327266313703761358e-01 2.486888220977180597e-01 6.296707556651660875e-02 8.089034018996029696e-01 3.970149864558797925e-01 2.878714157255762157e-02
-1.632819723619255148e-01 5.337638707933619608e-01 4.363207564274194650e-01 -5.704194268543752999e-01 5.430900820412170454e-02 -7.240273632758126299e-02 -1.137872601517922466e-01 2.121886429102963212e-01 -2.887420276710952333e-02 -3.250909069426228815e-01
-2.419436905171339081e-01 -4.165817521697469661e-01 3.224099748998371373e-01 -2.991860474588745600e-01 5.632891995550487474e-01 2.350003217016708168e-01 -1.012332661968353420e-01 -1.679988029540648298e-01 2.126383658966289891e-01 3.438832524329049622e-01
-7.168327045222258054e-01 1.701829623254918766e-01 -3.247258605047766977e-01 1.769594775031387013e-01 -5.223593000240998180e-02 4.358796350011245324e-01 -1.452820756705520966e-01 -1.207832310453803570e-01 1.639371534365590688e-01 -2.552186956729488032e-01
2.294567285612148511e-01 -4.855291296914782673e-01 -4.398506118527436420e-02 -2.727741894529445710e-01 -5.169655484063050838e-02 3.899325630892592764e-01 1.912222952353689887e-01 -5.136613850745708199e-03 -1.741391371752970540e-01 -6.431437648512154936e-01
-2.814183940787745031e-01 6.218960493572246728e-02 -2.536080681640989209e-01 -5.784753391847037574e-02 3.862900296436099223e-01 -7.642266570200229037e-02 4.485801026833227123e-01 2.132720787781704486e-01 -6.568555628594424656e-01 1.266649978861208448e-01
7.341619044160348218e-02 -1.257548803202594434e-01 -4.438901059904080126e-01 -1.119551882128603515e-01 3.633969437796557567e-01 -3.861243524370230884e-01 -6.513131662291312685e-01 3.761891061705770201e-02 -8.161112208380159883e-02 -2.361982857944018299e-01
4.043995817205171123e-02 9.396840244553955612e-02 3.784818567833514447e-01 6.009937378729658386e-01 4.816380656935780880e-01 -1.471346605361457116e-01 1.263507866156756976e-01 -1.406656781522178934e-01 4.870186287487295734e-02 -4.397107001838130858e-01
2.004213213416518313e-01 2.827624612044082331e-01 -4.113447516511996027e-01 -2.902427815039213543e-01 2.514433962096596087e-01 -1.037376810151951212e-01 4.433739404835884690e-01 -3.856273393176208319e-01 4.510318259406537189e-01 -6.105256471943654173e-02
