6.550262802787346628e-01 6.391685962092218121e-02 7.950844713298221844e-02 1.908620692158833343e-01 4.878494637078532176e-02 5.220007449341883543e-01 2.089175847144782716e-01 -2.441332778039631002e-01 3.291289009495640960e-01 -1.940801068908996063e-01
1.411051898009573202e-01 2.649925939434902844e-01 1.828829147411647690e-02 7.285380664434500109e-02 2.415073325638079915e-01 3.177537784443371649e-01 -1.621679049172142228e-01 -3.970760945005992471e-02 -8.467884654180025672e-01 -2.650966338802186652e-03
1.195692322340123764e-01 -7.825916711117398838e-01 5.436811618755554854e-01 -1.779848854785294476e-02 -2.610782304385505809e-03 1.036207742565964894e-02 -1.973443847061959466e-01 -9.819879906575615380e-02 -1.692333646327059127e-01 2.356307665808942894e-03
-1.044074393524886679e-01 6.222721622624394905e-02 2.539848209462074458e-01 -6.504664346541825237e-01 1.111809302341523059e-01 1.995654410306398063e-01 5.530840139939836586e-01 -1.084351970249543828e-01 -4.375380467728962747e-02 3.547533084708660023e-01
-6.538696338951258680e-01 -4.527086795267018515e-02 1.880618559733375217e-01 5.322119737555228713e-01 1.284385365581076632e-01 3.936864136438929518e-01 2.596686255995440673e-01 -8.804763176600083341e-02 6.557554680379246159e-02 -2.867788039286281454e-02
-1.265694332572506464e-01 1.919195881104809875e-01 2.235675492491323857e-01 -1.854044664678298482e-01 -6.923986907601480389e-01 4.522268790972913122e-01 -3.402921713843334861e-01 2.452863277126899333e-01 5.372178418316284065e-02 3.809631537419764461e-03
8.742638798803880739e-04 2.334460883965081557e-01 4.685751196168415622e-01 -1.210837382225833370e-01 4.290316428302543561e-01 -7.395469721999956003e-02 -4.526933690839238938e-02 5.573519254010257384e-01 1.513974294899190220e-01 -4.314268582623302373e-01
-7.502914349462171117e-02 4.287079740627734448e-01 4.650353844017522942e-01 1.307137019100330748e-02 -5.230353665834761717e-02 -3.200488941229120421e-01 -2.149987488780001899e-01 -6.582825356741862644e-01 7.006337632998921316e-02 -6.719479939198191865e-02
3.366252217544746239e-02 -3.173192741894311636e-02 5.462273057998908582e-02 4.990907326326626120e-02 -4.643843679621679210e-01 -2.392709512135660355e-01 5.541220605326300230e-01 9.117922333853816647e-03 -3.258916703299226669e-01 -5.533011445169342402e-01
2.747791134547477032e-01 1.766196814132628967e-01 3.302916064101417137e-01 4.470941460320793093e-01 -1.689886550918901498e-01 -2.489270942253135332e-01 2.160015991206698516e-01 3.247200059693357010e-01 -5.336209031075158510e-02 5.821057092095774932e-01
