Mahalanobis correlated with human judgements 
Furniture: (0.24947659095102215, 0.0005182270706151364)
Clothing: (0.3376249622274797, 2.7837851352138334e-12)
Birds: (0.10959346359242389, 0.022250408950269963)
Vegetables: (0.18874630160575998, 0.009107191732395187)
Sports: (0.29994640209495227, 2.683775472942847e-09)
Vehicles: (0.2672096738507617, 3.884186818795551e-05)
Fruit: (0.31124139830684916, 4.263240005375941e-06)
Professions: (0.3221075781659193, 1.4224093564124917e-10)
Overall correlation: (0.2727043877013373, 1.6988919673990055e-42)

Baseline correlated with human judgements 
Furniture: (0.1599331567233489, 0.02751121179977814)
Clothing: (0.2860008202899266, 4.41068912880657e-09)
Birds: (0.1500948048385509, 0.0016936956709749608)
Vegetables: (0.19350339411214912, 0.007473155296286979)
Sports: (0.30851078487966227, 8.877004827775627e-10)
Vehicles: (0.3466608347334247, 6.342627062039394e-08)
Fruit: (0.24496594664299867, 0.0003390739695727768)
Professions: (0.33558017509881416, 2.1124842204079216e-11)
Overall correlation: (0.218357116688192, 1.7278498462686464e-27)
