Mahalanobis correlated with human judgements 
Furniture: (-0.07898548025431834, 0.27869813403018806)
Clothing: (0.21050089640276595, 1.899330394526443e-05)
Birds: (0.11329555342975076, 0.018089436301947058)
Vegetables: (0.23060433960826268, 0.0013698030826818418)
Sports: (0.309340996953278, 7.958985566566155e-10)
Vehicles: (0.21676745291199712, 0.0009124214073388033)
Fruit: (0.2538998602042462, 0.00020039507508382798)
Professions: (0.1506721072291095, 0.0033196010221676966)
Overall correlation: (0.191717754310267, 1.8911623309532133e-21)

Baseline correlated with human judgements 
Furniture: (0.005513826590439388, 0.9398153951145016)
Clothing: (0.17650919684242464, 0.0003519798231985421)
Birds: (0.1277498048783851, 0.007637117147529872)
Vegetables: (0.14943057742208646, 0.03961567617393091)
Sports: (0.2807940042435082, 2.8033318860175225e-08)
Vehicles: (0.18562537390638328, 0.004646097844429246)
Fruit: (0.19369673725759753, 0.0048488751970427214)
Professions: (0.1596212796873071, 0.0018513476458174452)
Overall correlation: (0.13592183478042155, 1.927416980764659e-11)
