1.844940284956471943e-01 -1.032679199454945851e-01 -9.651384498740303575e-02 -2.547069519588626707e-01 -2.348436084463153065e-02 -3.049147011461573187e-01 3.794888316866208006e-02 2.579283225295118595e-02 -1.936274175106436346e-01 3.492991899725261806e-01 1.855430785005857119e-02 3.410753789396570590e-01 -2.249738122064005030e-01 2.031364543239385090e-01 1.851557474218256186e-02 3.260078190023739386e-02 -4.706755166354328890e-02 -1.905859999680171446e-01 5.161342998808090554e-01 7.842616770109524238e-02 2.577701392984190765e-01 1.872672215627657066e-01 -2.944733548110841162e-02 5.050295656843122039e-02
2.192670758824483146e-03 2.935567039141850909e-01 -2.905948255670423586e-01 2.540194935441674740e-01 -2.901907883226699236e-01 -5.481907592143033803e-01 -7.537898861754940838e-02 -1.148776785833197922e-01 2.650934064422302838e-01 -3.475172831049316291e-01 1.164025535302647268e-01 -1.199892699827495163e-01 1.465102871517636428e-02 -1.378253667749593063e-02 2.162013449203687154e-01 -8.345139894459995336e-03 -1.332347959985533681e-01 9.820118750330164570e-02 1.711832666959622884e-01 4.264471183677354810e-02 1.737289109361722372e-01 -6.916351503930280586e-02 -3.944454493896822761e-02 4.782770057426990020e-04
-3.425981213304178929e-01 -5.954060616366843028e-01 -4.611303155240192159e-02 3.304668293792977773e-01 -2.970290111726351934e-01 7.264033761033894532e-02 1.097805002601393853e-01 -5.339025834449223629e-02 2.362378062612304486e-01 -1.217046310171574809e-02 9.976867190688416820e-02 2.547092694802729484e-01 -3.285692961835424142e-01 4.498691707985518276e-03 4.085123038341991614e-02 9.293385233311889093e-02 -1.255681448566747238e-01 -3.894858314462680549e-02 -1.305454462606881472e-01 2.536987942289275350e-02 2.932608731384169984e-03 1.262894496132821731e-01 1.483738874979551210e-02 9.033187397278953645e-02
2.184062501013119689e-02 2.958901710547157116e-01 -5.695025945190545363e-02 1.349336355134771459e-01 -2.774774932186966359e-01 2.871343507003309425e-01 2.337478216310240331e-01 -2.384961646550912417e-01 -1.503386832553669783e-01 5.025387142084992292e-02 -1.846795674649957530e-01 -8.272037355749710386e-02 -2.161214719117061089e-01 -2.516684213983945151e-01 1.849092032015101084e-01 -1.091133280827306651e-01 3.627831482061336099e-01 -2.116182330409045464e-01 -2.605994176255461980e-02 3.876335977205084826e-01 1.665671537996188667e-01 2.048131708581309718e-01 1.667556512301706165e-02 6.346937969468554458e-03
-1.208088975483774807e-01 -3.209880743914701740e-02 4.443198435715325356e-01 1.117763234972259101e-01 -1.699932568682999828e-02 1.422634379713645092e-01 2.660826768777541790e-02 4.529291270978889616e-01 6.288731888107022827e-02 -3.058504619521401277e-02 7.346519144417847091e-02 -3.659575381898638041e-02 2.595368539122900886e-01 -2.173208050072969466e-01 2.184804342843860991e-01 -2.242232159917173506e-01 -1.740800254528479529e-01 1.521916917886117215e-01 2.608328183293738833e-01 9.618234059845906514e-02 3.683397087437015327e-01 2.040990095985147079e-01 -1.157759486058680815e-01 4.868736841565794032e-02
-5.616436419278277720e-03 -1.083283424828993813e-01 -2.847043460847777374e-01 -4.014881002511196811e-02 5.942691655732771500e-02 2.787019654491311171e-01 -3.217076542431040465e-01 -9.003465937582108558e-02 2.946854458321772618e-01 1.352189510386885840e-01 -4.214468386567994940e-01 -2.419145053022529190e-01 -3.484078351997436235e-02 -1.998361209013461426e-01 -1.668232546256183946e-01 2.862108952644101256e-01 -1.033375791290537110e-01 1.920362220299876577e-01 3.190414942818267652e-01 5.997314698657525006e-02 1.245179394844594806e-01 6.952896994693140431e-03 -2.245278639897906603e-01 4.112325283821570421e-02
1.899489537260743433e-01 4.102287425143649052e-02 2.309199372639786085e-01 -3.536140875856719767e-01 -1.136907109661165934e-02 -2.970472463032959934e-02 2.704429677387155673e-01 -9.846052429788174076e-02 4.661979492964431482e-01 -1.965863578516631738e-01 2.981751987261119924e-02 -4.908421680303239575e-03 -5.746068248369290421e-02 -1.928795217770601644e-01 -2.291477949133235992e-01 8.549256584209541376e-02 2.498364361687537699e-02 -1.081385299164961400e-01 2.404024895124766414e-02 -6.240156442952408261e-02 8.207730761762063731e-02 4.950190719761000946e-02 3.075041876729284196e-01 4.714512540288547382e-01
-1.514956325643947166e-01 2.475137129542991088e-01 1.255905698061604570e-01 -1.380444444583122654e-01 -2.338506836804355726e-01 1.172488859579585985e-01 -1.545511799947111020e-01 2.233942928240007300e-02 9.279652372765254120e-02 -1.103244662633329487e-01 -2.748198622832807581e-01 5.120719721383882872e-01 1.923913562461935511e-01 1.122700160686388865e-01 3.603898711694327739e-01 3.117038135307415025e-01 1.846822538080407639e-01 2.719403866834653460e-02 3.464165116498472974e-02 -2.440673414946221975e-01 -1.867279135502767362e-01 6.565745495443497948e-02 -9.687672145089390452e-02 9.366684229047755883e-02
2.252721223891094582e-01 1.350834549854693922e-01 6.130854894709088926e-02 1.103078596548412171e-01 3.800446712349817568e-01 2.535271203557590836e-01 -3.241012570791150238e-01 -3.540735449392914264e-02 1.632795820885957205e-01 -3.021367483073421067e-01 4.237774766114646985e-01 2.355001452053495092e-01 -2.682112672027625599e-01 1.502476921607413807e-01 -2.331038055174088509e-03 1.534451571580111584e-01 1.044127778196850681e-01 1.007887714479410593e-03 -1.913389684734845969e-02 2.494098000821583228e-01 1.101739593016353436e-01 1.357046352605448813e-01 -1.414201648638595543e-01 -7.062571920412036297e-02
-7.679879373157992573e-02 2.830791695533957722e-02 -1.883806704938700838e-01 -7.043362638899080131e-05 -1.378780681372755446e-01 3.981926836423098637e-01 1.262056671064089586e-01 -4.381816533110889922e-01 -1.199343859211092767e-01 -1.302714203237327339e-01 3.339764330804136927e-01 6.852148422086541679e-02 3.266720697335313006e-01 6.465430711077174708e-02 -1.748965275991540003e-01 -1.494946798062594118e-01 -1.370195385937615640e-01 9.424779916846751831e-04 3.111692379762666660e-01 -3.353585139437749718e-01 9.379878409050916577e-02 1.320706791851018191e-01 3.337856706481863445e-02 -7.395956326673115699e-02
2.521757714068624256e-01 1.257379334529739323e-01 -6.839912739068769454e-02 4.932072646667655380e-02 -1.144846158423649535e-01 4.587173812389743616e-02 2.885324560276784078e-01 1.196960546948837301e-01 3.916057786372575400e-01 2.659725821170711435e-01 -3.452034064353457637e-02 2.658904866421589741e-01 1.229559114667133218e-01 1.229145560339192818e-02 -1.518321704164472263e-01 5.597781009695823595e-02 -3.552191412508594326e-02 2.422253012367165947e-01 -1.201080805487806241e-01 8.104095967058079497e-02 7.050768551708821996e-02 3.057000227103382969e-02 1.905100580212981121e-01 -5.832042643837027640e-01
-3.018975875021775446e-01 5.049388470199448614e-02 -1.691218526333901351e-01 1.310844331532529106e-02 1.088246771853465175e-02 -1.116006274183632407e-01 -4.026619313776028664e-01 5.523750192882986160e-02 -3.900850700030482343e-02 4.238880665560696565e-02 -1.007669498126383956e-01 1.411658755363024986e-01 2.109841034844271435e-01 1.166908995688555190e-01 -3.172314505047753586e-01 -1.578335333887800340e-01 2.205312648771300399e-01 6.315126770277834645e-02 -2.417229753338216991e-01 8.763639000701720083e-02 3.658840820877150568e-01 2.382961160676022871e-01 3.920879078707214527e-01 1.399047019569484851e-01
-3.868512031496045278e-01 1.089829787882483358e-01 1.336620743735821848e-01 -4.433356512590210241e-01 -8.800073782253783894e-02 3.551008626512170557e-02 -8.076995709873591167e-02 -2.572085884335031936e-01 4.565412478737035373e-02 2.977521321898468076e-01 3.351894966510302609e-01 -9.207913822310073715e-02 -1.324763510496224095e-01 1.095513752036327351e-02 2.261013066285055551e-01 7.109429571919215207e-02 -7.022502990660008104e-02 3.328369003042059848e-01 -7.431671214016276339e-02 2.133660896914594818e-01 1.105425034313852334e-01 -2.692983460577452748e-01 6.380291662762024862e-02 -3.717789241896130026e-02
-2.202085695172080471e-01 2.164370859540703240e-01 3.361771588587136872e-01 3.750292982927068142e-01 4.238469236559062880e-02 -1.972064795752127564e-01 3.606964823871562642e-02 -1.354899707667558961e-01 -9.116682151500440923e-02 2.366389880517880406e-01 1.353720510109685526e-01 7.410499090287797630e-02 1.187916963166012752e-01 -2.227938353365263580e-01 -3.918147969139046949e-01 4.425294296650864601e-01 5.740979676495355094e-02 -1.890380335348119667e-01 9.263424713865525684e-02 -5.277588017575480725e-03 5.215624699204399195e-02 -1.466306862055418159e-01 -1.325438173250030049e-01 7.476682024008656511e-04
3.574098729368497818e-01 -2.537079421125010836e-01 1.503786992373671583e-01 -2.783093920949574265e-02 -1.976360120276107746e-01 -1.426598529492034695e-01 -3.905841053140186592e-01 -2.460563525484126546e-01 -1.766281111510451807e-01 1.119842187491322354e-02 9.587199958155238899e-02 1.279074448492659166e-01 1.759553475946687151e-01 -4.845771155647344841e-01 6.547796977490145942e-02 3.430500887406891849e-03 -7.259608301757329574e-02 1.223784160480782673e-01 -7.896352422702998183e-03 1.667458369706586729e-01 -2.656468362017392337e-01 1.598490939303422176e-01 1.899992763706743748e-01 -6.862002978781132911e-02
3.301841888247457613e-01 1.392216587989452969e-01 -1.752252429507596410e-01 1.915623772636045052e-01 -9.288481617925124778e-02 1.828978841183132864e-01 4.839309510437941886e-02 1.242968243618863544e-01 -2.712968372649157134e-01 1.913241124337608234e-01 8.887255429110434146e-02 -1.052210746168541662e-02 -3.039684552869926452e-03 3.588504105277981471e-02 1.569899548170469727e-01 3.425643426116544155e-01 -3.458991023274959886e-01 1.654191622030606046e-01 -2.970979454483899107e-01 -1.252987588384675832e-01 2.482534238064843246e-01 -3.491029782374419077e-02 1.404147028086471516e-01 3.863604031364376579e-01
6.100075041357325839e-02 -3.872136516719755506e-02 1.255340162325431497e-01 1.693404947044000741e-01 1.687794209482892382e-01 -9.557186986026387776e-02 1.773335640666114099e-01 -1.881673012467724726e-01 -1.985342719224482411e-01 -1.235639965723688283e-01 -1.936288628770422016e-01 2.242960992915418450e-01 -2.605008070616312565e-01 -8.290347340251236208e-02 -9.650943755550180081e-02 -1.737646097489305153e-01 2.397327395144943918e-01 6.647212474762719259e-01 1.037667015972188467e-01 -1.805783592895567335e-01 1.121348391230977543e-01 -1.420562049423474971e-01 -3.823801342223465821e-02 1.105657238279288829e-01
-5.301186807981719123e-02 -1.285637216150041506e-01 -2.748610500117981137e-01 -1.123276879411277615e-02 4.817275568557414234e-01 -7.530005159674657556e-02 1.660954236413441365e-01 -2.049128363497735306e-01 1.106950650814523540e-01 7.118753973071512142e-02 -4.864990815356352860e-02 3.218087882656132659e-01 3.226570968002818174e-01 -3.076118097973404297e-01 2.893057503155823107e-01 -1.089339958994390845e-01 -5.081827626661154090e-02 -1.847698507599269124e-01 -1.695410515111578920e-01 9.972714318980835380e-02 1.832198135207629974e-01 -2.059831800524649925e-01 -1.419798597547821117e-01 9.253697519036004071e-02
-1.235183503625855370e-02 -5.269123725637751832e-02 -3.656264171908214095e-02 2.686172779726778148e-01 1.094297134530598931e-01 9.231404825071691522e-02 1.229297419280197395e-01 -1.209175775734857910e-03 5.307688879996131509e-02 6.986395078129939429e-02 2.117892186448644409e-03 -1.241028502659527466e-02 2.765201458162560022e-01 3.213808348536501547e-01 8.001745080718263015e-02 4.295264986920589723e-02 7.723550325804355576e-02 1.369926636018961585e-01 3.500700906081408159e-01 4.634640646866183822e-01 -3.488236860003360307e-01 -1.562197441314613633e-01 3.334175240427690867e-01 2.697879658054798679e-01
-1.912745480922417932e-02 -1.817054113210473387e-01 1.266214158310010329e-01 -6.434049792318556615e-02 -7.972224400315253146e-03 9.528064187121025597e-02 -1.372286163696002578e-02 -4.962269433320089934e-03 -2.279582725412348243e-01 -4.165371053407486146e-01 -2.289689176795466630e-01 2.193274699016595566e-02 -3.181016419702621667e-02 2.198358366987908721e-02 6.161778512769966465e-02 2.542933854409402672e-01 -1.034565949290567471e-01 -1.794137468440075434e-01 1.158597344426430809e-01 7.546438379111150563e-02 3.321684924186075194e-01 -4.039028228048794911e-01 3.889152352492267761e-01 -3.194015464760003309e-01
-2.053090975341284041e-01 2.407258171403636182e-01 -3.129512465519998510e-01 1.082355308701518116e-02 6.717688483437071756e-02 1.271176786244902490e-01 -7.020163259940101486e-02 3.925057940684458790e-01 -4.525820052481629996e-02 1.501082335045988113e-02 1.690890987037248494e-01 1.966178728638993956e-01 -2.895375586280304336e-01 -4.520498543719084217e-01 -4.144215902060196383e-02 -1.058014530710677248e-01 -4.372230988113423589e-02 -4.576147277789535672e-02 2.290092025137133169e-01 -1.318289490904351602e-01 -2.459101123722395033e-01 -1.705832214126540292e-01 2.968681613172897138e-01 6.012058116339033705e-03
-2.684882724051257386e-01 2.023423663633329150e-01 1.104166151318896998e-02 -9.654654114320097846e-02 2.600463268471233658e-01 -1.045871548250709021e-01 2.096412825532494861e-01 -1.141145335202329442e-01 -1.687998702077453117e-01 -2.001475915604778444e-01 -2.128647404047649405e-01 4.411057709069040461e-02 -8.362136075596376950e-02 -1.775935421745900369e-02 -5.878935441392475064e-02 1.398656884657161759e-01 -5.099446530332554239e-01 1.177535369189617737e-01 -5.759652532419994725e-02 2.035941022745843820e-01 -1.883256243375063255e-01 4.812880999390603542e-01 6.129869286285045960e-02 -7.948907373629469919e-02
-4.080747541581512816e-02 -1.681820544649106908e-01 -2.898008769698166565e-01 -2.808731128707591673e-01 -1.799019051080435472e-01 -4.380444858770757982e-02 2.468090196117488089e-01 2.954383826453706452e-01 -2.203790095905694690e-01 -2.795009106186697179e-01 2.069052577174896046e-01 3.344189160078785139e-02 2.098165073775428435e-01 -1.192692162420646018e-01 -2.170118000225458310e-01 2.917400476106853380e-01 2.550096019877463038e-01 1.887152777701441297e-01 -4.751160603947555960e-02 2.707318941126102274e-01 3.947048788803685549e-04 1.201641585907153864e-02 -2.927107541036801375e-01 4.002918051523592785e-02
-7.215642029471711072e-02 -1.565585053069687704e-01 -7.648013791036131770e-02 4.600223668054878590e-02 2.835425003019695911e-01 -1.161037732541240625e-01 1.084053160360036738e-01 5.559492696017331523e-03 2.003658740450069836e-02 7.215123515979016133e-02 1.528827331091703046e-01 -3.130453839956371942e-01 2.024946514547077900e-02 -8.763420981047108371e-02 3.402419353594146045e-01 3.536056038981354455e-01 3.748545422668874139e-01 7.223389237516333883e-02 9.484244903048644204e-02 -3.027678760232252464e-01 4.270529715891150518e-02 3.583027385376831853e-01 2.812684836526250787e-01 -1.583528211273396158e-01
