5.643247107855219324e-01 1.447743950785068123e-01 -2.695067457051564808e-01 -9.990222279769687963e-02 -1.765298127435110387e-01 5.045773701925299060e-01 -7.809987493756051502e-02 -7.826551937376538537e-03 -4.356340914170050427e-01 3.302611238823734835e-02 7.690286561073497729e-02 1.668628245606380844e-02 -7.622339000172256851e-02 9.924325166161683531e-02 1.934372236049345523e-02 1.300968056831788289e-01 -1.008904008604485231e-01 -8.792323130077374371e-02 -1.361136095542114788e-01 3.591721835525493733e-02 8.255728463881414902e-02 4.483479342862786710e-02 9.713343208694508180e-02 5.980050895354963557e-03
2.526103475361443085e-01 1.011722166757989122e-01 1.812167376201164956e-02 1.886313319749074457e-01 1.380279087742546373e-01 3.260650993066021019e-01 1.766949503112451303e-01 -4.743525655745312042e-01 5.313082762766858647e-01 4.116134505397885113e-02 3.712802619200436527e-02 -6.255685412496307662e-02 1.351167092216716270e-01 1.452614821533879941e-01 -1.542728541208774617e-01 -2.088981453498623964e-01 -7.588928407659385755e-02 -2.147524832148134943e-01 1.182942818691338077e-01 4.007251423394934259e-02 -2.010667040853101051e-01 -6.479120911144839456e-02 -1.633910024491277285e-02 1.966077768176668902e-05
-3.204299341914798038e-01 -2.936026939265025046e-02 -7.477446902008382246e-01 -2.956119355197348031e-02 -3.121446455947293197e-01 2.597748734934380438e-02 -1.953627636293014946e-02 -6.127381718272374017e-02 1.613699989623299802e-01 2.430685454323672917e-02 -2.674579092373522565e-02 2.000739903602458680e-01 -1.182043850576075250e-01 1.173183595595055639e-01 -1.379586861506011501e-02 -1.277012730851993239e-01 1.752410467317964404e-01 5.736321221151909067e-02 9.856239013594364495e-02 1.184321185049649616e-01 -1.019898628551057784e-01 -1.998272496649054923e-05 1.445201844186130291e-01 1.832562287164800907e-01
-1.122070067935430487e-01 -4.718381179141668130e-02 -2.471203515826243813e-02 -4.006280695582178919e-01 3.095597218162174369e-01 2.097338761427010034e-01 3.584158075883499273e-02 8.540496772798715497e-02 7.678387917995460610e-02 -1.179561555084112506e-01 3.792676555764313284e-01 2.703632453257439061e-01 -3.111196567691713599e-01 4.309131254390231175e-02 2.093578291307682249e-01 -8.822259717962104009e-02 -3.600720878648824147e-02 4.091680137175433829e-02 -7.491219131096922557e-02 -1.599375506088134558e-01 -2.364682185026787953e-01 -3.218411180635072921e-01 -1.023056830163365932e-01 -2.907434770864852358e-01
-4.885761185960550423e-01 2.623929894345888303e-01 3.776211076922683096e-01 -1.025180015242995422e-02 -3.764093139941298016e-01 3.225816369986480026e-01 -2.503683554110299747e-01 -9.820902785295532178e-02 -1.567231241658879337e-01 2.633449573166839891e-03 1.729733707987439473e-01 1.078198621614287617e-01 1.450151438768399748e-01 9.683716360224144115e-03 8.744864275343335047e-02 -8.403340885948581973e-02 -1.165169535061146150e-01 -2.481236488047481870e-01 1.230880461764080197e-01 6.109737273249932210e-02 -1.163948191680406336e-01 8.955671991986192959e-02 1.181022862376612248e-01 -1.344786407958416599e-02
-2.263761507194905487e-01 -1.266538202333843122e-01 8.784426314860604296e-03 2.008148833586296533e-01 4.929727447860105527e-01 4.455630727279434322e-01 -6.721266332992219261e-02 2.508657961572410139e-02 -6.133125189661012278e-03 -5.391561687286212934e-02 -1.722403523064856834e-01 2.683366966479351912e-01 1.210136212404234884e-01 -1.027400418226899759e-01 7.424003684963956240e-02 5.030010844067222403e-02 1.442935002760592778e-01 1.479627828593026162e-01 -3.027918691877532487e-01 2.543874123340622018e-01 1.210800626291819865e-01 2.417993466654758117e-01 2.421547156492591911e-03 1.884500978401961457e-01
-5.388104191768911672e-02 2.803794606538357881e-01 -9.155653080667200405e-02 -1.339299239713987941e-02 1.930028638081920378e-01 -1.592927119380127196e-02 -1.316858232264502271e-01 -1.572847287458734034e-02 -1.551951246151745956e-01 -2.752005978866310931e-01 -4.146743437553506162e-01 3.395173884912976864e-02 -1.296847275783493403e-01 -2.860490343114989731e-01 -3.679335179539403033e-01 2.713711717184405167e-02 1.915474001197824960e-01 -3.335162687550302651e-01 1.096373060776975050e-01 1.156013062312237910e-01 -5.727461100209028932e-02 -2.875964010328161402e-01 1.075111229831115928e-01 -2.762055543753888509e-01
4.976910691862369146e-02 4.744021937944356004e-01 6.308483851873948611e-02 -5.910332894159348038e-02 2.939117907338811286e-01 -3.607545628631101398e-01 2.382654384587090668e-02 -4.702125894441070569e-02 -1.428595944819524843e-01 2.266047197914385081e-01 8.140106874178479335e-02 2.716384936230952785e-01 -2.097575694857102546e-02 3.973078952465318725e-01 -1.179916961541185860e-01 6.329809833051842916e-02 6.897156299377341093e-02 -3.465944952172840890e-03 -1.333678946798275422e-01 3.578691668254455754e-02 -2.739494194467454458e-01 1.809904398595824637e-01 2.360208618299802497e-01 1.730408427787669401e-01
-1.543587885884205591e-01 2.872580155338346763e-01 -5.779306345313757476e-02 2.586466938059174825e-01 1.311382846474040409e-01 1.774739542775685130e-01 3.888510318053550185e-01 3.674307276796003885e-01 -8.803737548949686076e-02 2.017681526750052246e-01 6.471422371089190217e-02 -1.258535345402836680e-01 2.353867114242045103e-02 -9.534279204644265093e-02 6.293091585983936510e-03 -1.136779892656487045e-01 -1.260545438686453412e-01 -9.978132057889367579e-03 1.137644908167386171e-01 -2.276734644466093527e-01 1.597696418195692081e-01 -4.056452322854185999e-01 1.418080561684161578e-01 3.262942200174541174e-01
-2.548596805122554931e-01 -8.718542242410377840e-02 -5.263623700869496380e-02 -3.478056306949615650e-01 1.365495833121842528e-01 1.583750793320809480e-01 2.168222297198031945e-01 -1.560592131857165554e-01 -3.166056796258495121e-01 1.321154363203802251e-01 -1.161555299815727471e-01 -4.442579831076107766e-01 2.769682544813740210e-01 3.432578003559040858e-01 -1.185157296896066220e-01 5.764269069997405431e-02 2.099740057979987695e-01 1.181177135585640553e-01 1.144345826570045549e-01 9.469234229153568327e-02 -8.837434640827140919e-02 -8.136997563013674550e-02 -2.224990324571561040e-01 -6.414435359352464727e-02
1.095248639985797884e-01 2.903655126370265904e-01 -1.827280493230145075e-01 -3.584481069287896449e-01 7.812557889410587375e-02 -9.665139351455750982e-02 -2.266536438444362311e-01 1.195429478259451977e-01 1.715984434934592628e-01 1.030913938722537726e-01 -4.301046374299000163e-02 -1.454239922369452709e-01 5.221583887989936779e-01 -2.978265085245377364e-01 2.577700146253720792e-01 -3.051691043744491627e-01 -1.050153746448506675e-01 7.828039432733309433e-02 -1.748679749116299476e-01 1.304407758756599700e-01 -2.534286220368936818e-03 -3.585922228556074481e-02 8.273910544265102029e-02 -6.186199061955222067e-02
1.194608147883581412e-01 -1.844872973162535179e-01 1.670352426991197625e-01 8.732558992508022977e-02 -9.814909180534361899e-02 -4.670017317768609261e-02 1.900714854844484103e-01 2.058152989333783267e-01 -6.384899683094602540e-02 -3.558683008068397324e-01 -2.567491225806498804e-03 3.149163892064816422e-02 9.113186782295060184e-02 2.657730823061670300e-01 4.307518084372968792e-02 -1.995992321863967744e-01 -1.090567801639092810e-01 1.890540691041555366e-01 4.233260598044612938e-02 5.522956835687660160e-01 -1.113492939391494824e-01 -2.389366541472565109e-01 3.800919611714352331e-01 -7.138731829923249117e-02
-8.758047589647534326e-02 4.869495886137389928e-01 5.449512279705628209e-02 -1.868378865789716292e-01 -1.120587511586851465e-01 5.354097782208627060e-02 1.481351143200351494e-01 4.242161232258665621e-02 3.147551354052378070e-01 -2.110898352188882998e-01 1.862473959895363101e-02 -1.936651279412328341e-01 -3.228290921555214132e-01 4.234360353315567288e-02 -9.927369268830721696e-03 2.613922284753706915e-01 -9.992115752416835806e-02 1.684752062292783625e-01 -9.370616431363804066e-02 3.550059145177341668e-01 2.725220263967332301e-01 8.586948993215709480e-02 -2.495109557267349287e-01 7.190055935869088533e-02
8.517020415171656922e-02 1.694582005802259539e-01 6.803492668631648532e-02 3.073819234023520558e-02 -1.410983075501712758e-01 1.467788334975634879e-01 8.164343904233575810e-02 6.378871406563633994e-02 -4.354940461948270114e-02 -2.360321061909679552e-01 -3.652183856441535981e-01 3.524766385174236960e-02 -1.125055720123276960e-02 -1.414954564666250081e-01 4.535682303075656840e-02 -2.248755925395953467e-02 -7.151260847077176019e-02 4.660027538704092365e-01 1.004331479892024426e-01 -2.822594706096935302e-01 -5.727708049271551527e-01 1.330167980128779681e-01 -1.394989157319576345e-01 1.186349728635349016e-01
-1.285582669170712011e-01 7.833777281120637981e-02 -1.509488090183891407e-01 1.129700284137922506e-01 1.491638259278453837e-01 -7.724934151599231573e-03 2.198992471190736597e-01 -7.350682482882184288e-02 -1.239463515629438128e-01 -2.669960163297774303e-01 2.351474896984753482e-01 -3.712735830568806294e-01 -1.472940026263697966e-01 -1.094109859532768486e-01 -5.619187928235590268e-03 -2.730007393499388479e-01 -1.064651546725027889e-02 2.298939800694454333e-02 -5.932321721283586452e-02 -1.667239338556874562e-01 3.475104375629480685e-02 5.072678511446030436e-01 3.271048907528706362e-01 -2.832324077539361551e-01
8.781726841513358417e-02 -3.470339716829377169e-02 -6.447193226648158249e-02 -2.197216405454361643e-01 2.675640749918521410e-01 -9.059905885492372524e-02 -4.084385294209676165e-02 -1.093087007996276366e-01 -1.099794256819579402e-01 -4.007739688267284439e-01 1.062299534723873812e-01 7.086105342123190376e-02 8.978690047122747653e-02 -4.602006603805462032e-02 1.999387617069603995e-01 5.161802493223100613e-02 -1.127372847683822260e-01 -1.705378915648132765e-01 5.797446424262654441e-01 7.107394669255304338e-03 1.135567949362690510e-01 1.283282974338823823e-01 -3.743033136608525657e-02 4.412276878634777133e-01
-1.192734135039193732e-01 -1.270129279393983346e-01 -1.858492377482056368e-01 8.692442438433607699e-02 4.175039148988109183e-02 -6.289712527866182790e-02 1.651685259352440038e-01 5.479173972889862104e-02 4.425179435469624167e-02 -2.135836053417908015e-03 6.722928866781403834e-02 -1.769409894637309633e-01 1.186999752647104472e-01 -1.696624032931542680e-01 1.626956091820783712e-01 5.899513241927790697e-01 -3.067338147827289307e-01 -3.136708882009829891e-01 -1.690062846158373877e-01 1.385559353488097778e-01 -4.332619898251954815e-01 5.509337565786990611e-03 9.154125164689987104e-02 -4.868512608619529961e-03
-6.673069239780803075e-02 -1.724008459388897199e-02 4.019292530194212842e-02 -1.184075875230051755e-01 -1.888344044888533996e-02 6.816284019156972074e-02 -1.799518651033732708e-01 2.014507424987625056e-02 2.366402025972260958e-01 -3.284857786760969622e-01 -2.761240476149470768e-01 -1.404092749502950377e-01 9.028146330153727361e-02 4.164407281285183449e-01 1.402955900040678827e-01 1.825972270158189859e-01 3.935142591680746565e-02 -9.447051951906353107e-02 -2.447438921363160047e-01 -4.532102458440672166e-01 1.697865485677158559e-01 -1.221913270655958506e-01 3.470194525863559698e-01 8.608563101721311561e-02
-3.298236440116563556e-02 -3.517423719658967218e-02 -7.404035006559631961e-03 8.058866723129557569e-03 2.895022952291970500e-02 5.795428257184269578e-03 -3.055637585365338360e-01 -2.098460286898568006e-01 -3.935081561364153074e-03 -1.398444436395243906e-01 4.330186922656601989e-01 -1.231729255127663042e-01 1.202860338996518813e-01 -1.942115342530224553e-01 -4.937427140073705201e-01 2.005593121021619074e-01 -2.915263148152734060e-02 4.048815134861047382e-01 -8.249770307837998862e-02 -5.243810593711666773e-02 -2.677426406686975527e-02 -2.308892960965242269e-01 1.794296667267203382e-01 2.007016719196716148e-01
-1.420377122680059889e-01 -1.042518826205718202e-01 -7.980991455195998729e-02 2.920529503542309765e-02 1.267421337358963507e-01 -9.991726618877205812e-02 -2.408350317031759946e-01 -1.769681885567985780e-01 -1.788694014747690963e-01 2.277985240033701675e-02 -2.160956078207040554e-01 -1.495335805449821698e-01 -2.765362388585570486e-01 1.316217698771939004e-01 -7.313663374045030474e-02 -3.303141200697165547e-01 -6.409611943633815034e-01 -4.543437011326751512e-02 -2.243204172710396849e-01 5.195345581038545574e-02 -2.129593902326704785e-02 -8.931593164401890883e-02 -1.693991485325263002e-01 1.830381271810964106e-01
-2.941511946414216913e-02 -1.526541285710585061e-01 1.788144669866000291e-01 -4.544474368385741925e-01 -1.126235846888214293e-01 1.177067270854836867e-02 4.144479001644704175e-01 -3.419792964075145103e-01 -1.127384869766444656e-02 1.821543112600596537e-01 -2.183931902976607720e-01 1.891886874657384698e-01 -1.148552385037925200e-01 -3.128194699855743610e-01 -6.422225030864628370e-02 1.836806677645133265e-02 -1.150636273198959308e-01 4.167315623703794769e-02 -9.634100331496063541e-02 -2.009384239341237277e-02 1.275886433079586324e-01 1.171277811915064603e-02 3.813613373101539250e-01 1.302913256199778880e-01
7.278477449914674824e-02 -3.235171184041241155e-02 1.099879795080447586e-01 -3.636851200965858510e-02 -1.518821181286566513e-01 -8.528347779847046672e-02 1.212061747031107500e-01 -5.344456041814939912e-02 -1.022604316202185559e-01 -2.381188693251456989e-01 1.498973606569981576e-01 -1.453354054637669701e-01 -6.855329854592648320e-02 -1.328023373111097694e-01 6.765763961462417653e-02 -2.505654391167798645e-01 4.256959696331242826e-01 -2.954877137935706388e-01 -4.403293277246777548e-01 3.847895605426318588e-02 -1.870743823916334592e-01 -1.006622200495066316e-01 -1.917646795942876126e-01 4.313896339508974109e-01
5.686792551721800426e-02 -2.064559754196674535e-01 1.044803021755524447e-01 -3.004775062814131759e-01 4.295341639614139173e-02 1.804204093190337199e-01 -1.477211223275797236e-01 5.356198164262250261e-01 2.361863343487144717e-01 1.584478490893048153e-01 -1.042520814279826284e-02 -1.700808439624676427e-01 -1.552946320004947311e-01 1.770085150033549881e-02 -4.028920049489199684e-01 -9.519963883480378475e-02 -2.067234681399591090e-03 -1.854347035086049977e-01 1.113385854923718138e-01 4.500150825988413067e-02 -1.776043055700204099e-01 2.770966238319281238e-01 1.151874188196329585e-01 1.835380387493343868e-01
5.981947325072659721e-02 1.554828633062722756e-03 1.129523273820162571e-01 8.637156649499147520e-02 1.170423006993911025e-01 4.554044366993782039e-02 -3.037089483904317211e-01 -1.626679255508455546e-01 2.512889486387852658e-02 2.865843624419984748e-01 -6.995294832715766298e-02 -3.643588638068532282e-01 -4.058602094137238048e-01 -8.883361649434418084e-02 4.224829435166190250e-01 5.359832566835680268e-02 2.522174848052264884e-01 1.366193492766712703e-01 1.935381032958078951e-01 1.551060084620111135e-01 -1.311063075199663530e-01 -1.286514299679234752e-01 2.854997426064728172e-01 9.106699271056720169e-02
