2.779430534220544979e-01 -3.895064657078599335e-02 -1.086730633426681719e-01 -2.950849443165296515e-01 4.025817007802117153e-01 -1.451171125173862653e-02 2.135906197743554225e-01 1.950500097955750953e-02 2.018865181519281099e-02 -1.024327513283688207e-01 5.982519930595926044e-02 -4.197462649667472318e-02 -5.884292982465494370e-01 -9.032226416561624227e-02 -1.834410134212401955e-01 1.676734937301155026e-01 -2.137978247661751485e-01 -8.412471112843374066e-02 5.983130101613214763e-02 -6.607547455835988126e-02 -7.115765928259477902e-02 -1.842854847838628490e-02 -3.398017819527449079e-01 6.920884468340387716e-03
-4.005619994370723802e-01 3.569726727111668940e-01 -1.302749857560002167e-01 -2.460725043957367464e-01 1.506288999152205210e-01 -2.504393077794708072e-02 -7.071215417391492342e-02 -6.292733224967868300e-02 -4.738006194157262096e-01 -1.754417672674166706e-01 -1.285209849891039979e-01 2.053676929074555457e-01 -1.310649180741209063e-01 -9.603709208193489388e-02 7.899376542581307281e-02 9.802998622424265174e-02 -1.605498537022224947e-01 3.635252589757418384e-01 -2.721591532942050154e-02 2.380337357167822826e-02 2.324428076165649046e-02 1.315094141653000426e-01 2.406692133134071820e-01 -1.054454974372478343e-01
-1.210959866058927692e-01 -1.443986240656738862e-01 3.781314997281840506e-01 7.788361844154142359e-04 -2.660257324980113899e-02 -2.164992874136013601e-01 -1.623459155595919357e-01 6.943845777702066513e-02 -1.067498056023447189e-01 -4.563101335727760832e-02 -3.076519775321190919e-01 -2.083223084367769040e-01 8.040686625072308857e-02 3.301948417158555305e-02 3.629923284098726666e-01 2.684795050716173304e-01 -2.729201143914519179e-01 2.570582721604875234e-02 -1.097342688248118953e-01 -2.269912335086555211e-01 1.603133138528889667e-01 -2.073786281746952953e-01 -3.919016352592462060e-01 -1.371547090815315173e-01
-1.396811454354646431e-01 -5.230816658848896211e-02 1.414574083657379744e-01 1.848686764936034038e-02 2.078436134105277749e-02 -8.805672084856172935e-03 9.907859612549503592e-02 -3.480449952239337286e-01 -5.420182741872650589e-02 3.671102968062132654e-01 -4.128388783095216508e-01 5.803357824451214203e-02 -1.700871372853654528e-01 1.136306851854339689e-01 -2.135942766838518081e-02 4.268228862931057466e-02 3.345355776939054060e-01 1.123138689215979064e-01 3.201270142318420886e-01 2.126618723392365573e-01 -3.840236550337389199e-01 -1.674667953545632415e-01 -1.342110661215191181e-01 -6.739213697365958877e-02
8.953134470115463317e-02 -2.159878658319784872e-01 1.030621924324779948e-01 1.757581215081286674e-01 -2.461196617377254259e-01 1.574938013797901395e-02 1.575516914389713322e-02 2.001315282819955133e-01 1.499003441731012742e-01 4.044231931529898572e-02 -1.262003754508498055e-01 4.869015207068902798e-03 -3.995128109362765523e-01 9.883897979245102883e-02 2.100999988591189804e-01 9.329498047158614471e-02 -3.681485024714146737e-01 1.627776511860866415e-01 2.986927682518917826e-01 -4.077208416066383651e-02 -7.813071345962516179e-02 8.788445413017632879e-02 4.812243358847969055e-01 2.051847210894779117e-01
-4.888711110710606822e-01 -7.662826194073548542e-05 2.019456373019763717e-01 1.308139537897603510e-01 -1.613379202655333342e-02 1.318353747590407798e-01 1.388281827782538169e-01 -6.943247162547593054e-02 1.492514185050232423e-01 1.596837469089344708e-01 1.289809187136451707e-01 -2.330727348433821178e-01 -3.287231981673432446e-01 -2.395310851702822930e-01 -2.658000625845610143e-01 -1.399676125789949821e-01 1.332983164271997478e-01 7.465231023839304092e-02 -1.142911730650186530e-01 -3.613116983817605821e-01 2.732246684994277253e-01 -1.875108214725287048e-01 1.008924357628489116e-01 5.081051111872747668e-03
-3.268322197462519840e-01 -3.271527635296170300e-02 6.018444481486948106e-02 -1.616511368777257540e-01 3.571533682073871341e-01 -8.055166951244990825e-02 1.100003851058331400e-01 -3.302601583799371077e-01 3.412729263170991567e-01 -6.135317178727264786e-02 -1.158842230084676239e-01 1.002552711154481441e-01 9.636159511520733800e-02 8.503760571842411409e-02 2.351827025629652235e-01 -1.041540118433656875e-01 -2.251842121255421547e-01 -4.369158123459814247e-01 -1.433535690702548715e-01 6.937756295229517700e-02 -6.282797337977798213e-02 4.499249285596020054e-02 1.996111741218906666e-01 2.607056596519152780e-01
-3.406480152556147500e-02 8.393706492518752948e-02 -2.481500067204140125e-01 -1.502772263392952723e-01 -1.822039885653684022e-01 6.809355583796450340e-02 5.599601957678799202e-01 1.197146007219314773e-01 9.293636588510902075e-02 2.479883397631653941e-01 -2.026499264410963619e-01 -1.600219078963970587e-01 1.845414137450024361e-01 2.989082656303938823e-02 -2.948440693804309579e-02 5.143662423924669769e-01 6.884858936936678192e-03 -9.577630561722383362e-02 -1.620247331817070147e-01 -4.126520176725189532e-02 7.686667792432991253e-02 1.205407513995154917e-01 1.424273941929715126e-01 -1.637395983587465187e-01
2.022868764772539629e-01 1.431784783371240211e-01 1.055980812194450696e-02 -3.253790820689114738e-01 -4.466524576974711946e-01 7.706587551137314418e-02 -1.264972175286492306e-01 -3.660138007905999746e-01 -7.857807192226001769e-02 -2.551031285820081762e-01 -9.276451725239662216e-02 -3.718938066520063868e-01 -1.918777955020304626e-01 -1.716867795143949271e-01 1.306150128029356650e-01 4.194212930610089624e-02 1.851871879731629422e-01 -1.235793534737823079e-01 -1.324349638405726282e-01 1.228639160637899214e-01 5.353473926451647602e-02 -8.990013565847350396e-02 9.119064899890552689e-02 2.691690543006068359e-01
-1.724445839384599333e-01 6.269617099614308020e-02 -1.092919907495591703e-01 1.534614284689699570e-01 -3.590377846953679009e-01 -5.092605850809841517e-01 -5.685116854527422908e-02 -1.194765695475301370e-01 2.902079622368864964e-01 -1.406523889533621285e-01 3.163589778968289856e-02 6.344394776367938416e-02 -2.260068960569617813e-01 -1.205074980395794831e-02 -1.227821406555476419e-01 -2.577507110590402523e-02 -5.570115075892768941e-02 1.393550105005587902e-02 -2.371033067597849431e-01 3.106334221323829581e-02 -2.596340306630229300e-01 3.447062930257054347e-01 -1.732492945908004900e-01 -2.689880247566244775e-01
1.991732921674737311e-01 -1.840867214615532835e-02 -2.668844134414767241e-02 5.710251729424050413e-04 1.702945479240203785e-01 -2.198768879993754366e-01 8.446043369611300200e-02 -3.787253591917644768e-01 1.070369668088035631e-01 -2.091698021564518950e-01 2.097469421235446663e-01 -2.260651375421775522e-01 2.502263793418748605e-01 1.401257557876120496e-01 -7.795778324512492308e-02 1.254048741018645441e-01 -4.258062699181485583e-02 3.487600401884308199e-01 7.857263168362657590e-02 -3.558032928758469438e-01 -2.516242479298615442e-01 -2.605515562717553024e-01 2.709373894443734554e-01 -1.272018356481293966e-01
1.370715611873692813e-02 -1.339560275844074444e-01 -1.961122799700170394e-01 3.556340241599592611e-02 -2.552492304212753416e-01 2.043924782877568347e-01 1.648024472175350919e-01 -4.374017898907309188e-01 -5.706206189461860562e-02 1.904584188800036715e-01 3.805500816038914214e-01 3.618471126184468756e-01 -8.594649223910309777e-02 4.671671116428734172e-02 3.678838597100933527e-01 -2.967567142071754049e-03 -1.949907317916217409e-01 6.890186524639399512e-02 -3.497506770030667320e-03 -4.219149593131969744e-02 1.997488837733367995e-01 -1.204124594169785067e-01 -2.011515345084013140e-01 -1.308196702388256527e-01
1.607091801266408437e-01 -2.302067333849625863e-01 1.940820661288856774e-01 -1.605034441374572907e-01 -7.680482755524435656e-02 -2.596213833461689657e-01 4.779480827070653470e-01 -6.226311107947062051e-02 -9.921214489499137479e-02 -2.101760919914177211e-02 -1.955055594918435891e-01 5.523772945883584362e-02 1.898583693918483861e-01 -2.952433020118455098e-01 -1.014317448731221344e-01 -4.375775834233467942e-01 -1.423572733844920557e-01 2.849252665706643040e-01 -2.137911630400427757e-03 1.118861172042515256e-01 1.763039037831917732e-01 1.275654115485982953e-01 -4.485040882617299940e-02 1.107271576489918530e-01
-1.711257126746206295e-02 4.996141571537631720e-01 -1.321969773292860917e-01 5.011661967328893269e-02 -5.523917113903030474e-02 -1.480363393795099125e-01 1.848351113933074941e-01 1.243366454984928121e-01 2.879444746442151315e-01 -2.348025888027025498e-01 -1.024223456614267724e-01 -5.570630402061148290e-03 -1.494368598172754643e-02 3.008780231750171966e-02 1.783675693661967432e-01 -1.918444669701613592e-01 3.020533561519279583e-02 -7.287624769860000240e-02 4.879375908331938239e-01 5.268965149590365549e-02 2.769745071439516093e-01 -2.794994478212667333e-01 -8.241917216626222509e-02 -1.687943404893040567e-01
-1.285803622012822167e-01 -1.163393726953059204e-01 -2.208884964248458704e-01 2.870675417070018276e-01 4.721715964395942905e-02 -2.167924506599811785e-01 2.264486095255790477e-01 5.161904533268689421e-02 -5.070450364715690661e-01 2.040345048911526918e-02 1.734230256205923915e-01 -4.440921820926315711e-01 -9.627346795437508042e-02 1.109474387822593777e-01 1.299279171970877111e-01 -2.115961759164879108e-01 -9.529097109271023047e-02 -2.841116999100559148e-01 -3.001691212445707852e-04 1.917999022304842094e-01 -1.257217364266292325e-01 -1.188672111236374895e-01 7.605032685911296275e-02 -7.223691015957767192e-02
-1.563784284329125251e-01 -2.290953783177434033e-01 -3.331666445927423670e-01 -3.458662943490925512e-01 8.625655395512461798e-02 -7.730368486119563488e-03 -1.266301705876227701e-01 1.228834432080748024e-01 2.230811842344005980e-01 1.083892703707662608e-01 5.388047725660307860e-03 -3.141022769561062633e-01 -5.871451165748600709e-02 4.141936983509317827e-01 1.807733291366945549e-01 -2.210073582137369042e-01 1.514070058336163260e-01 3.836767983016822758e-01 -5.097151730426949939e-02 7.937962335389836532e-02 1.659888404632216818e-01 1.221972695151640198e-01 -1.145467145360051786e-01 4.935289478587668449e-02
-1.910469995054704939e-01 -1.142442360622320380e-01 -4.060176960315121653e-01 1.079769645988411242e-01 -5.110138754466780897e-02 -2.423948323556215090e-01 -2.041191003488978251e-01 -7.252061580388227680e-02 4.067225798551293847e-02 1.087385587077901450e-01 -9.177650008010686603e-03 -6.746703448775282289e-03 1.644431685266533605e-01 -2.451965753037751716e-01 -2.870595615255902011e-01 2.762784555356415095e-01 -2.099236791461869256e-01 7.787145481537326164e-02 1.985444604051659345e-01 1.641907737233165299e-01 1.310806640378378851e-01 -2.288530620006995753e-01 -1.392648314153757949e-01 4.479782566730948767e-01
-4.870483455627293984e-02 -1.857391256058082418e-01 -2.130533228765659759e-01 7.872293979966520083e-02 -9.919642260155937807e-02 1.240963318536223853e-01 1.523746465717110421e-01 2.159394134808808874e-01 3.231797652532981263e-02 -3.536268614843350866e-01 -2.544447111147938867e-01 2.958860723172881402e-01 -8.627051915282023253e-02 1.062559568282160222e-01 -3.603220184048815805e-02 -8.539587255612189620e-02 8.072348557397095170e-02 8.460923498850309032e-02 -4.105112337135569112e-01 1.237975278806456580e-02 -1.787800259516633683e-01 -5.406822211637318798e-01 1.382172374378959866e-02 6.247378273307713920e-02
1.914513086975614883e-02 1.827113646909268030e-01 1.247892450689997226e-02 2.672497875826855829e-01 1.615540073056394577e-01 -1.604924500996855186e-01 2.302367952581746979e-01 1.135169007668731522e-01 8.794859777855216360e-03 -1.470152630173795529e-02 1.595574545903756525e-01 3.841548829513705826e-02 -4.740576762137453659e-02 -1.659189767884893807e-01 4.429221670290644508e-01 1.568454186738884870e-01 3.746276740367743274e-01 2.117084067611022802e-01 -1.093184393636539020e-01 -1.196947209818983032e-01 -1.259658606752865340e-01 1.517587915735502946e-01 -1.553774026363975158e-01 4.739731410581756177e-01
-3.821976763473808325e-02 -5.442582762389260725e-02 3.456763778706459234e-01 -9.933659801594930949e-02 9.052982299995493420e-02 -1.649836175390830273e-01 3.459722198955337419e-02 1.072062063865844156e-01 1.510290358393019949e-01 -3.284862833979093621e-03 3.686982363992553080e-01 1.874736138971019178e-02 -6.733740228575431364e-02 -5.720404043804375172e-02 3.538660780427923397e-02 2.669463528884493120e-01 7.518650167029690412e-02 1.431476466522440538e-01 -1.268450946649039290e-01 6.415465729008492657e-01 1.187300233759687323e-01 -2.371021617013040483e-01 1.646755208244237711e-01 -1.656319662856569896e-01
-1.790633725167132262e-01 -2.229571286723865953e-01 7.752728937359107397e-02 3.033637653075466623e-01 4.236218996159967637e-02 3.269485027683270983e-01 1.706669732932567518e-01 -1.962937113586327720e-01 -5.898979154664356350e-03 -5.611372276288142391e-01 -4.595008667118871681e-02 -1.047478267240495309e-01 4.449576056321557366e-02 1.719381611521542674e-01 -1.322073781626111333e-01 2.082715973718116953e-01 5.920445000717787509e-02 7.579204822882487647e-02 1.858639214612807233e-01 1.834082057544137168e-01 1.686283217979475391e-01 3.018881563384892552e-01 -1.623058115369890586e-01 9.878524522240798855e-03
-2.794231498633568123e-01 1.788386307050228788e-02 2.476554469838447015e-01 -3.879351638163309191e-01 -3.163348070339193074e-01 -7.881702048716467124e-02 1.767727054349098326e-01 1.982615855510670988e-01 -1.446406830258223919e-01 -1.001752106016911698e-01 3.325153384326144934e-01 1.198311123357234387e-01 9.409542291393957480e-02 3.232599539930570698e-01 -1.563744728004135554e-01 3.735036275936124556e-02 4.018514939519245545e-04 -1.133791382759656435e-01 2.337945023749264384e-01 -1.516578069022524733e-01 -2.233055743369670998e-01 -4.447586753876271032e-02 -1.493621218449446564e-01 2.705392520329618633e-01
-2.113386149310558515e-01 -2.371786340912419577e-01 -1.190691843627206675e-01 -1.829921881279324147e-01 -3.236565531708735649e-02 2.582992254159102163e-01 -2.588820761885607044e-02 1.649425888627167325e-01 1.539001215914077014e-01 -1.278213181429863066e-01 1.037024327037310151e-01 -1.383850354073508371e-01 1.499906205515068036e-01 -5.710580156248686867e-01 2.506510836569647571e-01 -4.325124288573395370e-02 -1.821774423786782018e-02 5.857638060992839332e-03 2.167920591841470679e-01 4.514289143662705318e-03 -4.129544649187314453e-01 9.451951302916625913e-03 -5.777956192477991249e-02 -2.262798746685529827e-01
2.518238586561604309e-03 4.372379166097337122e-01 1.185124265269098809e-01 1.384413473860123256e-01 -4.088803835364297756e-02 3.531514366487359946e-01 6.674511644874758787e-02 -4.175068538903392926e-03 1.263790292033706020e-01 1.360209408038857704e-01 2.946067262536701883e-02 -2.491161200804547227e-01 9.321480250149999369e-02 8.711162464320225396e-02 -7.622972413776930856e-02 -1.359299244835365239e-01 -4.552181192645442520e-01 2.488441671259227217e-01 -1.981467038014158855e-01 2.170101894068486303e-01 -2.793250616416321219e-01 -4.436217878695470490e-02 -2.244582597001351931e-01 1.445869118631634420e-01
