3.156620406224147635e-01 -1.549816010595696514e-01 -2.708448241330523310e-01 3.578485177032034864e-02 1.935445851429164754e-01 2.243644172872210907e-01 8.133519938560812568e-02 1.332759755582377525e-01 2.928104165469657683e-01 2.910165308255674779e-02 -3.682658136854938952e-02 2.770545075409657776e-01 6.041264042545386320e-02 -1.027854356992488338e-01 2.807094137654015942e-01 -4.502657973534256453e-01 -5.733996705340861644e-02 2.287709351289046178e-01 1.585316465868413516e-01 1.301680056744358438e-01 -1.117198534597625414e-01 6.679764634800461343e-02 -1.977527536328105018e-01 2.744497383411843017e-01
-6.225823733158167977e-02 1.507538501493529137e-01 -7.078320431355525355e-02 1.005498926964008694e-01 -5.379888681689849739e-02 2.007919910253299633e-01 -2.787617773891033490e-01 -8.956887926295609148e-02 2.507731544644236504e-02 -2.942141190444734766e-01 9.252726696536524298e-02 1.384592867411385264e-01 -3.289223095604794644e-01 -6.980515577627796620e-02 1.296019771261348597e-01 -8.019089336948152791e-02 2.997290936209314957e-02 -2.311166097978075429e-01 6.049732739583152386e-01 -2.080676234500518640e-01 -1.933414262332596584e-02 -1.269374049943021998e-01 -2.269047094423059380e-02 -3.122841187440501542e-01
3.792334857204401888e-01 2.801721123559752780e-01 7.271855066004599688e-02 -1.951159971778426983e-01 -1.703239109156002851e-01 -4.260021987527953247e-01 -2.246169608064988929e-02 3.586525191330362516e-01 -1.811640576667222224e-01 1.000362518630769360e-01 -2.206188471375729598e-01 2.078492904610571013e-01 1.723622822870768678e-01 -2.236581270004786015e-01 -1.220964840635843651e-01 -4.478357106279794858e-02 1.425909596523918244e-01 -4.282192565052351380e-02 2.456609528728238290e-01 1.447484065488279237e-01 5.837002619405448622e-02 -2.201177041225416686e-01 -1.814985452575423180e-02 -8.775509179680718308e-02
9.999661184944935721e-02 -1.075367662823981385e-01 1.530921547939237126e-01 1.793946423506129206e-01 4.257922517046752731e-01 -3.150306087822580259e-01 -2.637108376672671617e-01 -2.591173362657665513e-01 -3.394824897634534516e-02 7.570273143144477801e-02 2.503682828981038666e-01 -1.548120904861598479e-01 1.549351366268342522e-01 -5.387765522017581854e-02 8.059926559353877695e-02 -8.446799391017784098e-02 9.660142099254295789e-02 -1.732702295588635644e-01 1.108900595975160913e-01 1.037599092571191151e-01 -3.377887470681273374e-01 -2.850938789846474419e-01 2.537819858141364127e-01 2.220651607857961896e-01
-1.829255962113325584e-01 1.436458578190560886e-01 3.200308705843766255e-01 -8.373480579136241553e-02 -6.659532552299829433e-02 3.843982523503819415e-01 4.887246949005756569e-02 -7.768287412947312565e-02 -3.183861906646936468e-01 -2.106041871078992156e-01 4.386610363542858826e-02 -1.808036394708215089e-01 4.570077700688155997e-01 -1.201691845766525574e-01 -2.194722862164430743e-01 -2.816284792975837781e-01 3.754959467944646561e-03 1.888294193967370027e-01 2.521634396736905925e-01 1.718549352013710313e-02 1.586568157904148096e-02 1.668237487471483857e-02 -3.468796210298701055e-02 2.084455544990035381e-01
-3.127929514512887699e-01 1.206543204726244212e-01 1.289769646348004062e-01 2.916077112379371061e-01 -2.302173535319940456e-01 -3.245542019765169095e-01 1.490869223049733072e-01 -1.276503570295882961e-01 2.449589883125193046e-01 2.155285938630278550e-02 2.569880879668822171e-01 2.807373679934028199e-01 -4.926885986178290711e-02 3.034794335112946453e-02 -1.214701627524870792e-01 -4.095947251064860350e-01 2.820861601671553753e-01 1.795183565358150768e-01 -2.640552800606022973e-02 1.422765096978920729e-01 9.970241702074943146e-02 1.487910942067801057e-01 1.452954170353589758e-01 -1.093139992662508081e-01
2.757344775832358263e-01 2.229626093136545251e-01 1.509984757518819110e-01 2.747424662124918759e-01 1.432899272268175206e-01 5.389739303840076351e-02 -9.503078055462692297e-02 2.949980176180941882e-01 -3.031563167821936244e-01 -2.282877620579251976e-01 9.061208406746391886e-02 6.004420245727842137e-02 -2.426482872238049648e-01 1.462693659350797204e-01 -1.526618121981870302e-01 -3.075760484338891931e-01 -8.383227371667426042e-03 -2.538449587737825475e-01 -3.748804326181595648e-01 -1.773459709788026417e-01 -8.079591918057228705e-02 2.126665943421960636e-01 -6.200185291244094538e-02 1.018447350803594054e-01
3.586795683047663136e-02 4.753186450113155471e-03 5.083318633626494609e-01 2.884438705720693275e-01 1.721626818776973156e-01 4.206687819192801020e-02 1.827300134361187767e-01 5.125592659693590375e-02 5.544382810446411153e-02 2.474416885733776803e-03 -1.733487338696947377e-01 3.639969848171555750e-02 -1.841528617115409383e-01 -5.488580934235580688e-01 2.042359941694746883e-01 2.918058642516477286e-01 6.305192583543483761e-03 1.630359677799433915e-01 4.257632906875299245e-02 -1.466898695665062174e-02 -6.188629671654555242e-02 2.415038025838829316e-01 2.996178820030558076e-02 -3.856480708904348742e-02
-2.773464615741044192e-01 8.606150919346508554e-02 -3.076782389527707440e-02 2.256050690160560646e-01 2.484153553813397280e-02 -1.681328169030890107e-01 -1.999147150966613107e-01 5.480628160949323480e-01 2.976108861060221961e-02 1.435370324077715753e-01 1.520429561561145726e-02 -4.971669979496953773e-01 6.363076256992256097e-02 1.334430575921410900e-01 3.036244590892609452e-01 -1.198222288730631940e-01 -1.382906552333080519e-01 1.988707113134626780e-01 1.378740107912613255e-01 -1.008220102940637040e-02 4.075914190368848389e-02 4.501894698493247998e-02 -6.773029364589243373e-02 -1.060542199322897505e-01
-1.005448331877110413e-01 -1.377795540768024796e-01 -2.241134794111236117e-01 -2.629618768787300165e-01 -1.438254183969458512e-02 -3.924886863009581228e-01 1.191899266396514723e-01 -8.856677032255638737e-02 -1.045931358984177606e-01 -3.061761936441722010e-01 -1.151493487908767377e-01 -1.385745948665491334e-01 -1.230980015002796496e-01 -3.118232232270458093e-01 -9.052657341326035556e-02 -2.602852776616464414e-01 -3.238043795109967760e-01 1.651447327588900504e-01 -3.123491571793535204e-02 -2.957091229483155281e-01 -2.896748833603779993e-01 1.469958151113969214e-01 1.386816658565611093e-01 -6.676460973530806697e-02
6.106925036407426927e-02 -6.463560995324986458e-02 -4.082646644410445891e-01 2.698188766486446233e-01 1.742761657952446308e-02 2.307726137583912540e-02 -7.380852414348930413e-02 1.710903966163905277e-01 -2.821855131834910546e-01 -2.161861775940295827e-01 3.414742760837226609e-01 1.345180915213626538e-01 -2.434194501227970354e-03 -1.675318704339567588e-01 -1.137638870283584347e-01 3.280237795680617241e-01 6.109649359453501322e-02 3.908129225810723639e-01 1.857532474250188359e-02 8.561348108622534453e-03 2.131804669885037917e-01 -7.970362256714738636e-02 2.693846551351811724e-01 1.616245194474475733e-01
2.108386062923959248e-01 -8.551512071506847668e-02 2.293782755376428950e-01 -2.295523272490573863e-01 1.716652566878954234e-01 1.439081714279074609e-01 -3.082037783520985563e-01 -2.256245100198750811e-02 1.807686478296845756e-01 -2.901938955055020225e-02 -1.250736312997525745e-01 -1.322873545052556943e-01 -1.922087807489588629e-01 2.981462380742468457e-02 -9.559829186604866524e-02 -2.107978340547001506e-01 1.814351501457339422e-01 4.355960261067414740e-01 -2.032267561870079453e-01 -1.421783576715431596e-01 2.636544365342378682e-01 -2.728934457060818164e-01 2.364018180952837112e-01 -2.347957135281060759e-01
-4.798284118190699332e-01 6.441425962235264313e-02 -6.508792945541500008e-02 -9.514759433303533742e-02 5.131735204907884595e-01 -3.124212760777515460e-02 3.535484466992144803e-02 1.245950460734505938e-01 -1.346488543616211619e-01 -1.520264606141335240e-01 -1.993344246174464096e-01 4.031289887238189151e-01 2.264274666272474701e-01 -3.592238323514552328e-02 1.948379924826781906e-01 -3.049793429460415442e-02 7.791824652765325099e-02 -9.557709430992306077e-02 -1.971253076061521559e-01 -7.459497576175805333e-02 1.427325641260193956e-01 -1.888402719972990806e-01 -4.091018414151863236e-02 -1.376652768607271038e-01
-1.010697446676683403e-01 -4.730979355180402468e-01 -6.272031002266217903e-02 9.338987935450265843e-02 -2.719920018513480309e-01 6.347530604511762709e-02 9.359848450786967256e-03 1.071696262237216563e-01 -8.768066548330824550e-02 -8.963885415936281853e-02 -6.279500392696690803e-02 -2.196197000330411542e-01 -9.062571909148485483e-02 -4.018012963428685413e-01 9.363687823882876904e-02 -2.247312646090738608e-01 2.607265779659293514e-01 -3.665486596366803740e-01 -1.718215622844348756e-01 1.408772148070963071e-01 2.353241185389227663e-01 -2.228675233218104790e-01 -6.358504438344905751e-02 7.811496609199393426e-02
-2.261954965932047590e-01 -3.665991482877237889e-02 -5.641934398918633381e-02 -5.862715530105962192e-02 1.377235776790193822e-01 2.214179102270374400e-01 1.191335781871680627e-01 4.042536826607898148e-01 2.856275585864759270e-01 3.043419772765300624e-01 3.510786243333199191e-02 2.836316134204176082e-02 -1.096566176059596415e-01 -1.381842257750333924e-01 -5.277972549491282139e-01 1.150551794146123519e-02 5.476752632981010671e-02 -1.617923684791289229e-01 1.180707200155525771e-01 -1.799609122160058250e-01 -2.366854554475249228e-01 -9.841388831270206361e-02 2.352660082796499408e-01 1.124260746753619200e-01
1.029567345818870328e-01 2.400407017194861603e-01 3.175215283177879044e-03 -3.917902690469809296e-02 1.173631699448551696e-01 9.063074317219449449e-02 2.266750343073221097e-01 -1.630900202145520173e-02 1.243515506697820128e-01 3.547922765657090388e-02 4.628134421488383499e-01 -9.844531377673479411e-02 2.644883778723981088e-02 -2.711908318125273998e-01 -3.585252710005296800e-02 -8.428129893750969936e-02 -4.849104896328804148e-01 -1.070092324424659624e-01 -1.711429624020187612e-01 2.294761816982446578e-01 1.704588297655908746e-01 -2.620005216818434568e-01 -7.596580561815687027e-02 -3.183510940945356027e-01
-2.074644084909989528e-01 1.424209678077217045e-01 1.159642754962661310e-01 -5.076574769457023462e-02 -3.381355498111141694e-02 -1.486422509451104101e-01 -2.396404670934257075e-01 4.546819215151402110e-02 2.867334096371468855e-01 -3.773857945891020416e-01 -7.468446696968082665e-02 1.349427502048245256e-02 -2.492469919552404434e-01 -1.342205556134319459e-02 -1.987384610968132015e-01 1.575118676752839675e-01 -1.265957712546515734e-01 1.158138492521115365e-01 -6.734755897715315187e-02 2.783862302644199427e-01 -5.780418096292475744e-02 -2.437006736411870544e-01 -3.827349955740722010e-01 4.002732254501437659e-01
5.805004769889790528e-02 -2.032855708141266537e-01 -1.625125370064815500e-01 7.353448107515159204e-02 3.203955929679465631e-01 -6.064167535467749476e-02 -1.865464338224028795e-01 -6.020977293258678725e-02 2.292625413300731271e-03 -2.623049139976814034e-02 9.856420206184114338e-03 -1.287267316540403050e-01 1.249526174029966658e-01 -1.037221055753931587e-01 -4.260270257985949161e-01 4.212452003998393146e-02 2.121075015388584617e-01 2.514001277839346751e-02 7.565216339553340608e-02 2.166944626916930960e-01 -8.066011705145429561e-03 3.465259782992789472e-01 -4.252620701844531670e-01 -3.904248232989200318e-01
-1.061935538992159478e-01 1.777157537836407397e-01 -2.045044155984045986e-01 3.715700870979186110e-01 -1.175859693599491801e-01 1.581309924860010152e-01 -1.181788186500340454e-01 -2.404814650985348523e-01 -2.850225612209639214e-01 3.660995467098902001e-01 -3.588963449829071783e-01 4.763608933925535943e-02 -1.317157226142108839e-01 -1.065714151261038245e-01 -1.061419026561418316e-01 -1.207627863093120729e-01 -1.199533213040033519e-01 1.970471026382321078e-01 -1.508235290892704084e-01 1.064307310166444642e-01 -2.721355467769762670e-01 -2.876698516724472410e-01 -9.279337726950101506e-02 -1.140681085492385310e-01
4.330840734800327912e-02 4.720196641183410646e-01 -2.967978175287591114e-01 5.575279942729234606e-02 2.367480111302487367e-01 -7.785808087420331702e-02 1.807801808960689538e-01 -2.498340658750429211e-01 1.235971878695541898e-01 5.913498365020684183e-02 -1.937522002621630268e-01 -3.430453966695219403e-01 -9.806761516541054324e-02 -1.348325181091527269e-01 -2.927633769493703103e-02 -5.190041602782390767e-02 2.076739523756289674e-01 -1.056291611970984756e-01 7.306984470372307472e-02 -1.478509116369880749e-01 3.912283244932114878e-01 8.190510385520619052e-02 7.726491403075740581e-03 2.833029119103792626e-01
-1.003523834504164020e-01 -1.194318615673453376e-01 1.206333761752068773e-01 -2.628263059498345267e-01 1.428813647131789155e-01 -1.075727213953978079e-01 2.032537247647546175e-01 -2.363249535300682505e-02 -3.856582758599444993e-01 3.336189822943869676e-01 3.206513853311779294e-01 2.736311311077998382e-02 -4.211161303992608240e-01 4.933536015100626476e-02 4.821520511448940810e-02 -5.205705343081309944e-02 1.335822945967855835e-01 1.766685482401658125e-01 1.505009260695972795e-01 -1.245963531992515527e-01 6.471386658938881042e-02 -1.014187510093110672e-01 -3.882038825755916300e-01 1.317714673065475406e-01
-1.480047869603566824e-01 1.993597170498392634e-01 -9.395679673663806519e-02 -3.924666851301357728e-01 4.309771796905448316e-02 1.510079065732870540e-01 -2.539349890994271886e-01 3.498765262265329801e-02 -1.625218947939702785e-01 9.115951793137996861e-02 4.212087043123630831e-02 -2.293614355372417934e-03 -2.539995871020607199e-01 -1.261666842853756965e-01 1.506373431266418983e-01 -4.858498663865038619e-02 6.991021455610607616e-02 -5.717749895774851959e-02 -5.101677381813589374e-02 5.441405166667045989e-01 -8.572323697670299059e-02 3.529514556967532912e-01 3.209966824244451788e-01 3.640351530453950907e-02
-3.750153062143309762e-02 -2.731930150597908225e-01 1.329139998302491243e-01 1.302898483972536603e-01 1.208309059530824209e-01 -1.146140826208647129e-01 -1.460999366601217209e-01 -6.236816167424114737e-02 -1.041470122323626818e-01 1.610431082138754633e-01 -2.098987018038333263e-01 1.682557701003285222e-01 -9.711369395835643681e-02 1.015711296927284679e-01 -2.110986663631879423e-01 -1.137274533997812281e-01 -5.166800244707611123e-01 -1.137615317118500224e-01 2.407752801627903172e-01 1.120760659651863222e-01 4.844634902853097169e-01 1.341278611822632194e-01 1.607183144933672647e-01 1.448917432915445280e-01
6.060418570707720026e-02 -9.388967011103267757e-02 -2.020900819275284286e-03 1.004800802689452821e-01 1.746977627838759428e-01 2.636280493764846938e-02 5.394956501711626329e-01 7.844544442709053267e-02 -1.076294865773600729e-01 -2.945795924572046087e-01 -2.167552495952698166e-01 -1.774465711892953546e-01 -2.145342736579833320e-01 3.537230642484480714e-01 -5.756170523314067117e-02 -1.327996549210177721e-02 7.360293048440290364e-02 4.021190678306035132e-02 1.865017110194146233e-01 3.946323296386514135e-01 -1.047031350248852216e-01 -1.839152698522964480e-01 1.841225179652886679e-01 -1.458811843290053201e-01
