-1.378376342689786593e-01 -1.632205496391569144e-01 -1.970516682474527381e-01 -4.718491561090617514e-01 1.719004046843300715e-01 -1.111628913809301622e-01 5.228093175981283862e-03 1.171851483029719559e-01 -1.889104497306146047e-01 1.309663990471943151e-01 -8.690017206487112011e-02 3.569045000521111621e-01 5.687487842310774699e-02 3.910508507701220687e-02 -7.395162384891858232e-02 4.598545857228003020e-01 2.239175799198452887e-01 -2.522828328567695566e-01 -1.732100876509434784e-01 3.637087516673381121e-02 1.776284508817353447e-01 7.600096630602795611e-02 2.111069587343362419e-01 2.732977176940088945e-02
7.730568541879938305e-02 2.553374321970519611e-01 2.864364579104885511e-01 -1.866604256918161786e-01 -4.583336329267533038e-02 5.629722912405296653e-02 -2.417816828926994399e-01 -1.703081797259252128e-01 3.126818478766393156e-02 -6.520577990200017438e-02 -7.134545835181813067e-02 -8.305699721469098074e-02 -4.099867652279100549e-01 -3.489550964916121600e-01 4.190397548496772873e-02 4.398734180422220752e-01 1.159804293544750287e-01 4.148184225811139825e-03 2.961282145782681008e-01 -2.186890644396234304e-02 -1.470379859429837843e-01 -3.036042051802654851e-01 3.739537938027347880e-02 7.134060957442379947e-03
-1.981873778193100621e-01 -2.758500582470984064e-01 -1.159648874100448479e-01 8.744929594601606737e-02 3.437167109607066617e-01 2.775559691903278225e-01 3.052392925881221575e-01 -2.671652882015371211e-01 -3.422654525808038195e-01 -4.419041639590032822e-01 -1.731009747653464437e-01 -9.797712304563858943e-02 -9.445216806441142365e-02 -2.502746596818845592e-01 -1.107255304281445918e-01 -1.894557794491932845e-02 6.161174216729389808e-02 1.541278756375334125e-01 2.038681220564139349e-02 -4.450056239871299363e-02 2.223185105157646224e-02 1.263968009341676817e-03 -1.274449760412796166e-02 1.924441949055982204e-01
-7.851751666375839100e-02 1.780607636664011950e-01 2.050322386651626805e-01 3.306279896476215230e-01 1.719325492578927805e-01 -5.809470241159241377e-01 -4.900076676836387368e-02 5.690855052056717489e-02 -2.029513858018821421e-02 -1.843600149321399095e-01 -2.776329610146685556e-02 5.537106950306857484e-02 2.656353596209269918e-01 -3.554564797844340929e-02 -9.376340363781448693e-04 1.774223449602399805e-01 1.500271710385378543e-01 6.482398472067274486e-02 4.584435252123474774e-02 -1.172029183306832201e-01 3.267684315700584707e-01 -1.056496846664519290e-01 -2.192907745502354067e-01 2.965762414006810621e-01
-1.835421488286677061e-01 -2.348928511936900776e-01 -2.775033135378942029e-01 4.906653290103819010e-01 4.680500231574942493e-02 1.217805147882443234e-01 -2.972952563325686470e-01 1.302721740059649934e-02 2.464295644368127425e-01 -1.432925927319596004e-01 2.052303450557328435e-01 -1.268748068340701529e-01 -1.512816131096546002e-01 3.010389981365886314e-01 -1.942239403591830560e-02 3.036299129048203871e-01 4.865319834111558189e-02 -2.226553243104184843e-01 6.594861750518075938e-02 7.428855568235597298e-03 -1.939480372174151590e-02 -1.015436384527468594e-01 2.680762233114892812e-01 5.785033878923549061e-02
3.461110985258761819e-01 -1.145168701931898597e-01 -2.980330144449555227e-02 -6.180897453367159566e-02 -1.049413901202247631e-02 3.230276008744494831e-01 1.578351721723845746e-01 6.560919819102926237e-03 6.153539063774455392e-02 1.300842073967066470e-01 2.733646360821077592e-01 -5.348511455043594015e-02 -1.913609978869408590e-02 1.655021117425697907e-01 -1.621833434621020864e-01 2.787590696591919492e-01 -1.091050133270090108e-02 9.796246824265089637e-02 2.146802562920385182e-01 2.039868204119940909e-01 4.039360096754889273e-01 2.194752297228785842e-02 -4.675360143541201219e-01 1.525058770947335107e-01
-2.376786053354646225e-02 2.042055362816063702e-01 -7.003549898166029630e-02 8.331934291808784643e-02 1.386530102794834851e-01 1.027024126048251274e-01 -8.009468581825683609e-02 8.507509046392984497e-02 2.021139889706757287e-01 -2.092590605693201433e-01 -4.458602470518927691e-02 3.092134037226243470e-01 -7.155061090737344087e-02 -2.630744832012008594e-01 -2.218632563647738309e-01 1.097254612964286974e-01 -6.376341344006204448e-01 -1.575186530946491581e-01 -3.182934669071768585e-01 7.105825585185367166e-02 9.793727108374723767e-02 -4.890733134460099885e-02 -1.570117705037114009e-01 -1.012228242794932648e-01
7.725832939265304955e-02 -4.294604102678370623e-03 -1.351156169486449898e-01 -1.621075050483015700e-01 3.493487482138799699e-02 -1.574441624660498917e-01 5.222264857564701962e-02 8.534111301974071917e-02 3.454727919437437511e-01 -2.996502814964170369e-01 -2.924230768629748969e-02 2.733231639131727952e-01 -2.287404720395983249e-01 4.940578105479438015e-02 -9.615549350854928068e-02 -3.585491047042695945e-01 2.975144211071831801e-01 -8.742980644753431396e-02 8.125965727889752910e-02 4.675225158224597388e-01 -1.395086959287253625e-01 -1.615710149134198526e-01 -7.176642961856620484e-02 2.532425863356416729e-01
4.448847836057923111e-02 3.054530766969641986e-01 -3.145640982929168716e-01 3.878078465103883266e-02 1.882582439899852800e-01 9.784055902302035701e-02 2.017163286076213979e-01 -1.529264186057368302e-01 1.674520234850807865e-01 1.044157112213751210e-01 5.495255280179777574e-02 1.270913193679227282e-01 -1.352748621518271022e-01 -4.474248147500717310e-02 4.482344481992834306e-01 -2.275599414180368846e-02 1.188580296024804167e-01 -3.223692630778446366e-01 3.910782545726965154e-02 -4.007925072667047894e-01 -8.759252195178128531e-02 1.963725857250410989e-01 -2.480481822155695126e-01 1.653815308488113811e-01
1.197672281439328967e-01 -1.062724550871248647e-01 3.130082129857515993e-01 1.658594057529619581e-01 -4.074580999201003056e-02 1.593824122133990218e-01 -1.561703514319766339e-01 -2.453548739126510669e-01 3.142110086808648506e-02 -8.166327570364868838e-02 -4.165743012903316278e-01 3.790670775192390290e-02 3.677385862509288672e-02 2.222726165486210714e-01 8.436899016563038922e-02 1.319889700084099504e-01 2.790629869858788359e-01 -1.692027893101528957e-01 -4.148268498533991822e-01 1.492718451079294018e-01 -1.267113763635450141e-01 1.430233234503304751e-01 -3.371232690029574153e-01 -1.681391046625916319e-01
-3.746442216304032846e-02 -4.257318326033991962e-01 1.491016786473571276e-01 -1.569923572607166973e-01 2.926216353265326253e-01 -1.742421475914794349e-01 -2.682801979817215909e-01 -4.275227278430512867e-02 -1.099546701523816845e-02 -4.889422307329068657e-02 -2.783049333028183095e-02 2.851668259296075703e-01 -2.023745907799352761e-01 2.623210967333629018e-01 1.586642849741725092e-01 -1.207043256763829786e-01 -2.606302306917684941e-01 1.111748353483793805e-01 3.399488897853512603e-01 -2.386835271943527348e-01 -4.000083218328991802e-02 2.415966051705286874e-02 -2.345765346491168746e-01 -1.911289617584298883e-01
-3.811821255536033681e-01 2.662951808533626230e-01 -1.805180747803574737e-01 6.971370665593137894e-02 1.904541978619536391e-01 3.000808981599387137e-01 -3.819598135160285346e-01 -2.314144692400877876e-02 1.084338651298889615e-03 2.192194510293349052e-01 -1.956462352664657123e-01 1.224706057997422826e-01 2.464764938864056620e-01 -1.098796221639592174e-01 6.212063783562435382e-02 -1.347574019725758243e-01 1.474851886129124878e-01 1.732618703824553852e-01 2.908607245944547226e-01 2.860799580756578919e-01 1.724440079708204621e-01 5.398558590314350009e-02 -9.084523127703174328e-02 -1.352592061165669712e-01
1.192635742864137961e-02 1.118954616894376197e-01 -1.498074661996974810e-01 -5.676333970079561891e-02 -6.802474566758123786e-02 -8.487432071459535821e-02 2.599514783083140337e-02 -5.757981888954603056e-01 2.936321706600828474e-01 -3.909401284759059236e-02 1.819729131071440020e-01 2.368626445939375214e-01 5.696329534577073556e-02 8.397590236597329838e-02 -3.352926268872920557e-01 3.398444820189686078e-02 1.795611822279112313e-01 3.837166004679241071e-01 -1.136767100349349857e-01 -2.418208747417221194e-01 4.817481294904972511e-02 1.180447943419066746e-02 9.810343154433968926e-02 -2.319883012704417047e-01
-3.018403825687387410e-01 -1.744829315641371059e-01 -3.711081823752458986e-01 -1.631153436490493103e-01 -4.619632675180335157e-01 -1.612234856379538006e-01 3.332660474405221840e-02 -1.890582385312962188e-01 1.345437065501634694e-02 -8.095015751749333466e-03 -1.655190275371692388e-01 -1.219412038702133438e-01 2.009493415531495297e-01 -1.336761809615738062e-03 1.298366842977082825e-01 1.478141013770976342e-01 -1.924109951369708527e-01 -6.080653505362538375e-03 2.870487670690451132e-02 3.510734474650059611e-02 -1.548916869056607137e-01 -3.330823587022061494e-01 -3.686169191248120369e-01 7.957700211530502332e-02
3.502510747341172070e-01 -1.342975225622446978e-01 -1.912144466119817809e-01 3.228394877339023084e-01 -6.773529278765333395e-02 -1.833894734287795925e-01 2.747311804824976167e-01 -6.844560349302627154e-03 8.578903093762348109e-02 7.360960715529114851e-02 -3.523710188686850486e-01 2.196880707885068840e-01 5.503225924619277454e-02 -1.784231844936995937e-01 1.433856529010151815e-01 2.497025911780348939e-01 -9.710075009927930656e-02 1.483360943396762333e-01 3.115255515679360987e-01 2.172023801111031827e-01 -1.031604202785119939e-01 2.096524198688654861e-01 1.960236219526535484e-01 -1.819258897608107828e-01
-3.204730531384706455e-02 2.346182347772094445e-01 1.258548582153376505e-01 -1.690272291594056564e-01 1.410480005371363144e-01 3.978892946918003576e-02 1.165740394932106017e-01 -1.428867314149154244e-01 -7.303141020955387919e-02 -3.799729758929554224e-01 3.366563655258565380e-01 2.120881359959532822e-02 2.992743982898092847e-01 2.638090211123781947e-01 4.286192963004250012e-01 1.980235742945966326e-01 -1.661950826358984945e-01 9.201891928900295115e-02 1.726457780387910187e-02 3.293064017935429799e-01 -1.677967261749780392e-01 3.886879147006355034e-02 1.273350040507402747e-01 -8.795124994559898324e-02
-1.835022229093259960e-01 -5.460679036383400686e-02 2.709867061610594097e-01 1.187727901101280625e-01 8.394783257515020525e-02 3.483127846730747074e-02 2.413453346096534335e-01 -3.255316023222529220e-01 7.991531217984393365e-02 4.583246680103388870e-01 -8.540424396643937766e-02 1.696329290162910675e-01 -1.725297538949829845e-01 1.376821332701806955e-01 1.944150749726459848e-01 -6.752339942447464771e-02 -2.018139840979709942e-01 3.633232564194590480e-02 -1.349953191458998780e-01 1.823730157815529884e-01 1.741410484596080388e-01 -3.097350572860953499e-01 2.239883529144344465e-01 2.996071635045433057e-01
2.296576530062848787e-01 -2.923554970283603338e-01 -1.375202196545211308e-01 -1.144024762780618404e-01 2.480332499491004206e-01 -2.018118677429304314e-02 -2.813999559365331082e-01 7.135747708568951353e-02 2.781053898112576528e-01 8.693409381318104034e-02 9.310411252282838057e-02 -1.888352358348223681e-01 9.870824650345751128e-02 -3.422412257791005441e-01 3.467520903747976502e-01 2.847518415842143630e-02 4.825541503027490353e-02 3.677154993721983844e-01 -3.794039267090716372e-01 2.617905556432268549e-02 3.736774059284312700e-04 -5.809107924798230516e-02 1.784196316288024636e-02 1.434008227551281378e-01
-1.508129771237678440e-01 -1.117010257352569480e-01 1.001047043217138111e-01 1.572606138710846424e-01 1.795349239935821184e-01 -1.275632332899892252e-01 4.171450227082166597e-03 -8.480966078748060355e-02 -1.124626468392076473e-01 3.316195912478156482e-01 3.824781033638758876e-01 9.582755530678288558e-02 7.561272026935575430e-02 -2.155467854456154519e-01 -2.663260994082129463e-01 1.042439759664291893e-01 2.117352120113351333e-02 -5.384752057586514318e-02 1.834340789747452389e-03 1.832601384192799332e-01 -5.777386581999466308e-01 1.706009161997782408e-01 -2.244255058890777810e-01 1.098014350055919602e-01
-2.427497146640872697e-02 -1.205210603656191454e-01 2.334600110992500477e-01 4.402115444359347429e-02 -5.141726822274962638e-02 3.929412773705463491e-01 1.711914750899080906e-01 3.218009255498222587e-01 2.266368238084897901e-01 -5.150294257991042124e-02 -2.930654284717407534e-02 3.462311082766719728e-01 3.969159795297553250e-01 -2.619089325770931898e-02 -1.434670287372025350e-02 6.645983573334196537e-02 1.321451936852672260e-01 6.848132355038091812e-02 9.232285335121438730e-02 -3.177296984183921036e-01 -2.233302774419990144e-01 -3.376042290650669297e-01 3.163497809635044955e-02 6.671472481931485510e-02
-3.856741350179243022e-01 -6.714090424606147800e-02 2.172930966625311600e-01 -1.933922339567590298e-01 1.624078180850774544e-01 -7.533646885404053639e-02 3.044694540785769510e-01 9.059469673894182673e-02 5.731413217760478185e-01 1.082058615426189155e-02 -1.389666195823809902e-01 -3.818943688070178810e-01 5.331706559582084087e-03 -2.804613233758470117e-02 -8.534500965617763946e-02 1.214152073278016719e-01 -2.067095506574795696e-02 -3.967042774086247670e-02 1.001668544654586157e-01 1.802030766800800238e-02 4.232840316612827836e-02 2.816838603340773850e-01 -2.475258602635223293e-02 -1.358562301318459176e-01
2.395079569906898367e-02 5.545898629196971408e-02 6.858098189910084852e-02 -1.341043888573306142e-01 -2.057293468043643880e-01 1.074070816631788050e-01 -2.681880244415719150e-01 -8.396316647963852908e-02 7.781887017913755034e-02 -7.529580378216382819e-02 -1.965873313175937331e-01 6.128982517502641614e-02 8.582396781940719588e-02 1.243762869295809009e-01 -1.082878279881535066e-01 5.524083598733002531e-02 -2.120066972921602899e-01 1.368251197898232019e-01 8.384668075636046713e-02 -9.066825728964227060e-02 -1.171360329381718329e-01 4.704458518720291971e-01 1.462238990129695049e-01 6.432309404037322986e-01
1.732781725984774701e-01 -2.496793645998245381e-01 1.430779748882676505e-01 -7.154087845042397809e-02 -4.462999979421544000e-02 7.875631267344107914e-03 -1.335526504732010844e-01 -3.871393272168407451e-01 1.024474653102967758e-01 -6.104601557297201914e-02 1.210944936135021632e-01 -2.263901948997564320e-02 3.810607476848162922e-01 -3.156764522358960212e-01 -3.812901961819805709e-03 -1.975542830452516052e-01 -3.719390774976624042e-02 -5.385986552615177336e-01 2.087286888951302433e-01 2.828242898305535075e-02 2.062674582784643496e-01 5.185364092816017491e-03 1.430306508622085637e-01 -1.041275048733101595e-02
-3.201475627283609793e-01 -1.793706148683013868e-01 1.703271659688522510e-01 1.106788708145726025e-01 -4.714265956373503985e-01 4.535816777352300044e-02 2.199654115575132990e-02 8.525922824582710113e-02 -5.899692392502259644e-03 -1.382983519090117408e-01 2.959399130680870904e-01 2.942432836102346072e-01 -2.356924603149732900e-01 -2.884779906257008975e-01 2.766801294818428958e-01 1.042521981163520468e-03 1.296317904759794748e-01 9.780393225910177790e-02 -7.239128590293726628e-02 4.800947668670144802e-02 2.339733929181226635e-01 2.990772314177762570e-01 -5.115563842260515554e-02 -5.147693940378968852e-02
