-1.716568768024444580e-01 7.510536909103393555e-02 -1.216187849640846252e-01 4.052498191595077515e-02 -4.281336367130279541e-01 -1.030874811112880707e-02 1.083140447735786438e-01 4.777395725250244141e-02 -6.027303263545036316e-02 -2.304333597421646118e-01 -6.064665690064430237e-02 -1.234892681241035461e-01 -1.931840032339096069e-01 -9.977833926677703857e-02 -2.281906306743621826e-01 1.075592786073684692e-01 -3.724519014358520508e-01 -1.631172299385070801e-01 -3.812310397624969482e-01 3.038445673882961273e-02 -2.075347602367401123e-01 -1.574081629514694214e-01 4.166638255119323730e-01 -1.068657115101814270e-01
-5.078560113906860352e-02 3.275272846221923828e-01 -1.333564072847366333e-01 -1.548569798469543457e-01 -4.554610699415206909e-02 2.699562348425388336e-02 -7.573085278272628784e-02 -1.046933159232139587e-01 -8.901118487119674683e-02 -8.879820257425308228e-02 3.451202809810638428e-02 1.215947270393371582e-01 -5.329556763172149658e-02 4.765166342258453369e-02 1.659193821251392365e-02 -1.441839188337326050e-01 -3.621309623122215271e-02 -4.253141209483146667e-02 9.601083397865295410e-02 1.770171374082565308e-01 -6.015727296471595764e-02 1.435150057077407837e-01 -2.604262232780456543e-01 -7.970021367073059082e-01
-1.826331578195095062e-02 -6.969981789588928223e-01 -7.100960612297058105e-02 -4.954249411821365356e-02 -3.394356966018676758e-01 -1.289120614528656006e-01 6.727613508701324463e-02 -3.477669656276702881e-01 9.848824143409729004e-02 -6.769318878650665283e-02 -1.968472301959991455e-01 -2.449191920459270477e-02 -1.085894256830215454e-01 -1.441903412342071533e-01 6.411089748144149780e-02 -2.495796419680118561e-02 1.805891841650009155e-01 7.546471804380416870e-02 3.096122480928897858e-02 2.655476033687591553e-01 9.571211785078048706e-02 1.316863745450973511e-01 -6.631060689687728882e-02 -1.320340633392333984e-01
2.860777378082275391e-01 5.822703242301940918e-02 -1.273882240056991577e-01 4.650855362415313721e-01 2.022488564252853394e-01 1.255858391523361206e-01 2.338109537959098816e-02 -2.364090085029602051e-01 -1.746365241706371307e-02 2.241370500996708870e-03 -3.147175908088684082e-01 -4.385462403297424316e-02 1.556412428617477417e-01 -3.371992707252502441e-01 -2.436312437057495117e-01 -3.377831578254699707e-01 -1.547920703887939453e-01 -3.447354212403297424e-02 1.229517161846160889e-01 -1.141099035739898682e-01 1.113139837980270386e-01 1.915196925401687622e-01 2.177809327840805054e-01 -8.171042799949645996e-02
3.904484808444976807e-01 -1.698100566864013672e-01 5.713545680046081543e-01 5.946032702922821045e-02 -7.093216478824615479e-02 -3.313102200627326965e-02 -1.562710851430892944e-01 8.653187751770019531e-02 2.096799015998840332e-01 1.484794020652770996e-01 2.417982816696166992e-01 4.467396810650825500e-02 1.868307888507843018e-01 -4.590995609760284424e-02 3.819512948393821716e-02 1.545399427413940430e-01 -3.621600866317749023e-01 4.296947270631790161e-03 5.100139230489730835e-02 1.775316745042800903e-01 -1.656182259321212769e-01 7.749669253826141357e-02 1.303445398807525635e-01 -2.148132473230361938e-01
6.413793563842773438e-02 -1.379939168691635132e-01 -3.211850225925445557e-01 -7.596479356288909912e-02 7.650189101696014404e-02 3.462844192981719971e-01 1.445887684822082520e-01 6.634528189897537231e-02 -1.467931866645812988e-01 4.464058578014373779e-01 1.066453829407691956e-01 -7.637039572000503540e-02 3.579940795898437500e-01 -9.751737117767333984e-02 4.445622907951474190e-04 2.612971365451812744e-01 2.569931149482727051e-01 4.794876277446746826e-02 -1.092697158455848694e-01 1.108246147632598877e-01 -6.383628398180007935e-02 -2.085624933242797852e-01 2.672103047370910645e-01 -2.476314753293991089e-01
2.889930009841918945e-01 1.113767549395561218e-01 -9.461858123540878296e-02 7.981564104557037354e-02 2.676844783127307892e-02 2.416620962321758270e-02 1.563487350940704346e-01 8.353862911462783813e-02 -9.413611143827438354e-02 3.264203667640686035e-02 2.665236406028270721e-02 -1.770459301769733429e-02 -4.347859025001525879e-01 -2.139136940240859985e-01 2.988630831241607666e-01 -1.853006184101104736e-01 -8.063238859176635742e-02 2.180121093988418579e-01 2.366569489240646362e-01 3.781033754348754883e-01 -1.223873719573020935e-01 -4.578014314174652100e-01 -4.029981326311826706e-03 9.513177722692489624e-02
3.993083536624908447e-01 2.368856668472290039e-01 -2.496234774589538574e-01 3.132520988583564758e-02 -2.017378956079483032e-01 1.352237164974212646e-02 2.478373199701309204e-01 -7.044152170419692993e-02 2.723797857761383057e-01 1.077966243028640747e-01 -1.916172951459884644e-01 -2.634734511375427246e-01 5.717187747359275818e-02 8.932022005319595337e-02 1.948958635330200195e-01 2.516003549098968506e-01 -6.080440431833267212e-02 -1.360803097486495972e-01 -1.741001904010772705e-01 1.342551782727241516e-02 -1.915240734815597534e-01 2.592689692974090576e-01 -3.625708222389221191e-01 1.460572034120559692e-01
4.391103088855743408e-01 6.295151263475418091e-02 -1.581951975822448730e-01 -2.830087542533874512e-01 2.756576836109161377e-01 -2.685375511646270752e-01 -2.172044515609741211e-01 -2.112243920564651489e-01 -3.830994293093681335e-02 -3.354394733905792236e-01 1.441315859556198120e-01 -1.756926327943801880e-01 2.926790341734886169e-02 1.802642047405242920e-01 -4.931058734655380249e-02 1.292837411165237427e-02 1.137039959430694580e-01 1.029113605618476868e-01 -2.903169393539428711e-01 1.804066002368927002e-01 1.996468007564544678e-01 -9.593662805855274200e-03 2.757505476474761963e-01 1.696473732590675354e-02
-4.977381974458694458e-02 -1.809011101722717285e-01 -2.626537382602691650e-01 4.971277713775634766e-02 2.366396039724349976e-01 -1.228504478931427002e-01 -4.101194739341735840e-01 -1.151138916611671448e-01 2.962287962436676025e-01 1.644021719694137573e-01 -1.362905055284500122e-01 1.116843521595001221e-01 -1.250392049551010132e-01 2.075433731079101562e-01 -8.508116938173770905e-03 -1.028149276971817017e-01 -1.067052315920591354e-02 -3.858126327395439148e-02 -6.031472701579332352e-03 -1.348967105150222778e-01 -6.170670986175537109e-01 -1.424567103385925293e-01 6.221575662493705750e-02 -2.909397520124912262e-02
1.075136661529541016e-01 7.368472963571548462e-02 -3.578527867794036865e-01 1.271009445190429688e-01 -3.609962761402130127e-01 8.762454241514205933e-02 -5.452117323875427246e-01 1.427571475505828857e-01 -5.458282679319381714e-02 1.086427494883537292e-01 1.680721789598464966e-01 1.891349852085113525e-01 -9.973596036434173584e-02 -6.170425564050674438e-02 -2.423195093870162964e-01 2.143495380878448486e-01 -5.545974150300025940e-02 1.962858736515045166e-01 1.727666556835174561e-01 1.101357042789459229e-01 1.863501816987991333e-01 1.769865006208419800e-01 -6.238767132163047791e-02 1.800538599491119385e-01
-2.469387799501419067e-01 3.161064982414245605e-01 1.306306570768356323e-01 -4.098121821880340576e-02 8.896876126527786255e-02 -6.966603547334671021e-02 -2.001887001097202301e-02 -2.475342899560928345e-01 2.993044257164001465e-02 1.853173971176147461e-01 -1.005370691418647766e-01 9.816429764032363892e-02 -1.442555636167526245e-01 -9.408675879240036011e-02 1.575634330511093140e-01 2.041517049074172974e-01 1.859524548053741455e-01 -2.068326175212860107e-01 1.645624935626983643e-01 3.900508284568786621e-01 -8.591216057538986206e-02 3.637349903583526611e-01 4.154257774353027344e-01 1.610022634267807007e-01
3.007621765136718750e-01 -4.250507056713104248e-02 -3.124120831489562988e-02 1.599201560020446777e-01 -1.017620116472244263e-01 -1.754848659038543701e-01 9.444501996040344238e-02 1.911956369876861572e-01 1.406029164791107178e-01 5.835461989045143127e-02 6.402473896741867065e-02 2.051994502544403076e-01 -3.168731331825256348e-01 1.060020849108695984e-01 6.497627473436295986e-04 9.343744814395904541e-02 3.266977369785308838e-01 -5.176966190338134766e-01 1.242924630641937256e-01 -2.672645151615142822e-01 2.404399067163467407e-01 -1.175720542669296265e-01 1.750025302171707153e-01 -2.022917121648788452e-01
-2.249285578727722168e-02 1.999010145664215088e-01 -1.059248596429824829e-01 -5.783413350582122803e-02 -3.039675652980804443e-01 -4.141126871109008789e-01 1.396229565143585205e-01 -3.277554810047149658e-01 5.674128234386444092e-02 1.594031602144241333e-01 -4.097386077046394348e-02 2.578494846820831299e-01 3.601458370685577393e-01 1.419622302055358887e-01 1.601168513298034668e-01 -8.647498674690723419e-03 -1.803054660558700562e-01 2.134278118610382080e-01 2.179698795080184937e-01 -1.989073455333709717e-01 1.267107278108596802e-01 -2.690339684486389160e-01 1.673768460750579834e-01 1.462659426033496857e-02
1.066998299211263657e-02 -7.132766395807266235e-02 -2.120391130447387695e-01 -4.063894152641296387e-01 1.446838080883026123e-01 -2.834273576736450195e-01 2.775682508945465088e-01 3.708258271217346191e-01 1.949434727430343628e-01 -1.011266652494668961e-02 6.397483497858047485e-02 -3.375130519270896912e-02 -7.213326543569564819e-02 -3.161872327327728271e-01 -1.704698652029037476e-01 1.654519140720367432e-02 -9.645766019821166992e-02 2.133036255836486816e-01 2.666850388050079346e-01 -1.728323251008987427e-01 -1.188512369990348816e-01 3.156560361385345459e-01 1.393572241067886353e-01 -4.513876885175704956e-02
-1.658989340066909790e-01 -1.065284088253974915e-01 -2.719587087631225586e-01 7.215296477079391479e-02 1.611452316865324974e-04 2.310308963060379028e-01 1.393766421824693680e-02 1.045631840825080872e-01 3.165879547595977783e-01 -3.318841159343719482e-01 2.312949448823928833e-01 -2.108291387557983398e-01 2.567095160484313965e-01 2.368626594543457031e-01 2.065681368112564087e-01 -1.256881207227706909e-01 -1.774214804172515869e-01 -2.688640356063842773e-01 3.888895213603973389e-01 2.001932561397552490e-01 9.815157949924468994e-02 -8.905624039471149445e-03 1.456184238195419312e-01 5.166581645607948303e-02
-1.485832184553146362e-01 -3.043014742434024811e-02 -7.996744662523269653e-02 -1.600756794214248657e-01 2.444413453340530396e-01 2.665191143751144409e-02 -2.004307508468627930e-02 -3.793801367282867432e-01 2.169953584671020508e-01 3.095788657665252686e-01 2.697991728782653809e-01 -1.346294432878494263e-01 -2.464401870965957642e-01 -2.252762019634246826e-01 -1.149588227272033691e-01 1.275831907987594604e-01 -3.702440857887268066e-01 -2.218493223190307617e-01 -5.963908508419990540e-02 -6.218802556395530701e-02 3.254119753837585449e-01 -1.686610728502273560e-01 -1.930571794509887695e-01 5.887201987206935883e-03
-1.089809089899063110e-01 1.556929200887680054e-02 -1.295846551656723022e-01 3.000139892101287842e-01 6.118891015648841858e-02 -6.440483033657073975e-02 -4.625537246465682983e-02 -3.271705284714698792e-02 1.277979910373687744e-01 -2.325018048286437988e-01 3.742690980434417725e-01 2.323379814624786377e-01 5.885159224271774292e-02 -4.252874553203582764e-01 4.892579913139343262e-01 6.807901710271835327e-02 9.405029565095901489e-02 1.074621826410293579e-01 -3.251510858535766602e-01 -1.795188933610916138e-01 -4.808584600687026978e-02 1.172633245587348938e-01 -4.695238021668046713e-05 -5.275037512183189392e-02
-6.158075295388698578e-03 2.601981721818447113e-02 1.094636321067810059e-01 4.784888401627540588e-02 9.087638556957244873e-02 2.753909528255462646e-01 -6.878123432397842407e-02 -1.597367376089096069e-01 7.883682847023010254e-02 -2.661661505699157715e-01 -2.292778491973876953e-01 -1.906123757362365723e-01 -2.136905789375305176e-01 6.697306036949157715e-02 1.217338368296623230e-01 5.392629504203796387e-01 -1.417179591953754425e-03 3.354197740554809570e-01 2.690818309783935547e-01 -3.224204778671264648e-01 4.848094284534454346e-02 -7.439182698726654053e-02 1.213852390646934509e-01 -1.935115307569503784e-01
9.690719842910766602e-02 -8.096228539943695068e-02 -6.316072493791580200e-02 1.046442389488220215e-01 1.494136154651641846e-01 1.908422857522964478e-01 4.334497451782226562e-01 -2.493264079093933105e-01 -1.380929257720708847e-02 -2.045881599187850952e-01 2.558228075504302979e-01 5.204781889915466309e-01 -6.964311748743057251e-02 2.335657477378845215e-01 -3.424004018306732178e-01 1.706401556730270386e-01 -5.184634029865264893e-02 7.337147742509841919e-02 2.808655984699726105e-02 1.135309636592864990e-01 -1.817300617694854736e-01 6.613528728485107422e-02 -6.881321966648101807e-02 1.108749583363533020e-01
-1.463763862848281860e-01 -2.007117494940757751e-02 -5.260879173874855042e-02 3.791924715042114258e-01 2.195970416069030762e-01 -5.095957517623901367e-01 1.056022103875875473e-02 1.137583255767822266e-01 -1.356776207685470581e-01 -1.244292706251144409e-01 -5.679366737604141235e-02 -1.628095805644989014e-01 1.959115564823150635e-01 -1.033584699034690857e-01 -2.031741291284561157e-01 4.005344808101654053e-01 2.257035300135612488e-02 -9.941310435533523560e-02 1.349548846483230591e-01 2.577660083770751953e-01 -5.404907837510108948e-02 -1.888947039842605591e-01 -2.376475632190704346e-01 -7.829744368791580200e-02
-2.401831746101379395e-02 8.154018223285675049e-02 8.718843758106231689e-02 2.014124393463134766e-01 -2.088952660560607910e-01 -9.454157948493957520e-02 7.563247531652450562e-02 -2.559772729873657227e-01 -8.761848509311676025e-02 1.005614474415779114e-01 5.196303725242614746e-01 -4.851136505603790283e-01 -1.067575514316558838e-01 7.109192758798599243e-02 -1.827612370252609253e-01 -1.645067483186721802e-01 2.781142592430114746e-01 1.268586516380310059e-01 1.695973575115203857e-01 -1.725496053695678711e-01 -2.427371889352798462e-01 9.179958701133728027e-02 3.513177856802940369e-02 -1.302079670131206512e-02
-1.822227239608764648e-01 2.455931156873703003e-02 -2.218784950673580170e-02 3.436890542507171631e-01 1.026322767138481140e-01 -9.427081048488616943e-02 1.583269387483596802e-01 2.067131549119949341e-01 3.319809734821319580e-01 2.554891705513000488e-01 -3.642720356583595276e-02 -5.937343835830688477e-02 -1.852913200855255127e-01 3.666751682758331299e-01 -1.855985075235366821e-02 -8.943384885787963867e-02 -4.508099332451820374e-02 3.993533849716186523e-01 -2.655155658721923828e-01 1.823747009038925171e-01 2.877601683139801025e-01 1.266466081142425537e-01 1.090305969119071960e-01 -1.639727354049682617e-01
-3.505362570285797119e-02 2.553268969058990479e-01 1.581459343433380127e-01 -8.907480537891387939e-02 -1.258204430341720581e-01 1.209900751709938049e-01 -3.911677375435829163e-02 -1.662478968501091003e-02 6.078133583068847656e-01 -1.489754319190979004e-01 -5.953010544180870056e-02 4.740472882986068726e-02 1.454797238111495972e-01 -2.671757042407989502e-01 -3.351652026176452637e-01 -5.968214198946952820e-02 3.698175847530364990e-01 8.652712404727935791e-02 -4.469087347388267517e-02 1.374455392360687256e-01 1.387312295264564455e-05 -3.034988939762115479e-01 -6.995641440153121948e-02 1.861244812607765198e-02
