Mahalanobis correlated with human judgements 
Furniture: (-0.03384120675947029, 0.642989213783893)
Clothing: (0.07710972510536883, 0.12084468953643358)
Birds: (0.10996272316772994, 0.02180110714443658)
Vegetables: (0.18300825002945786, 0.011493362909249995)
Sports: (0.10510382176829806, 0.04111742272677435)
Vehicles: (0.06564586814548187, 0.32051978519444485)
Fruit: (0.12105978927982315, 0.08006743244837045)
Professions: (0.06873232414450438, 0.1823806491710175)
Overall correlation: (0.13314648967794937, 4.926712986712764e-11)

Baseline correlated with human judgements 
Furniture: (-0.03424174785316377, 0.6390604414147754)
Clothing: (0.060629899565578335, 0.22283898336756863)
Birds: (0.036791233805934076, 0.44403740969181604)
Vegetables: (0.10594850368216621, 0.1457079642279833)
Sports: (0.13896163583707988, 0.006811640038769129)
Vehicles: (0.09649325962964128, 0.14373340123284217)
Fruit: (0.11006714187634882, 0.11175822597429928)
Professions: (0.10910820766625681, 0.033954203517549776)
Overall correlation: (-0.0010140992450224412, 0.9602493364086809)
