2.475242623262046970e-01 -2.497445577879548739e-01 -2.278192695439016924e-01 6.299843176554404955e-01 9.283357524147213546e-02 -1.306757257075852607e-01 3.439871511358128520e-01 -3.138926452928126332e-01 -4.271006370144859177e-01 -5.111369985541771438e-02
-2.312879160081381669e-01 -7.309438320500779573e-01 4.793524108441185594e-01 2.175321387025704878e-01 3.854674853245675104e-02 -1.399500656848214897e-01 -2.280736140670103218e-01 5.783880999454891342e-02 1.999227643466513771e-01 -1.368362647808884502e-01
-6.834218334525783423e-01 -2.113943099594251807e-01 -5.523312678839166212e-01 -1.038264416587181549e-01 5.034812164442770827e-02 9.784384028998040217e-02 4.823926827232446340e-02 -3.616586077961796986e-01 1.453700935539076755e-01 7.766912948607099243e-02
-2.280804188172973757e-01 2.305929917632341120e-01 5.032264101332339923e-01 5.486739908546813677e-02 5.921061229135262671e-01 3.039742198910358462e-01 2.536134997962841697e-01 -2.581810003373939955e-01 -5.452050526354299681e-02 2.482322189109232025e-01
2.466767430517590731e-01 -1.559599841207552802e-02 -2.612735333287659611e-01 3.986744521273108965e-01 2.241956708065435677e-01 2.171336419646352489e-01 -4.360269930882385014e-01 1.179610869649720117e-01 3.605722442831747476e-01 5.293814823977549544e-01
-2.729596573139096427e-01 2.182785081428388618e-01 -7.015917494191425963e-02 3.952618139998976821e-01 3.819979880123818700e-02 -1.469384649948376198e-01 4.760621680664580135e-01 5.371528183022135083e-01 3.945841086985754087e-01 -1.509245271382234632e-01
2.961901882544062947e-01 -4.802098179117272880e-02 4.157512213562827158e-02 4.991748613025805831e-02 -2.159520110968546069e-01 5.468198801566406253e-01 1.985373408898927217e-01 -3.478980419116193823e-01 4.989832973740970234e-01 -3.881538415426027400e-01
1.043176861114619991e-01 1.234449091096095075e-01 1.694423629149791055e-01 -3.290670787029794514e-02 -2.279746938770281783e-01 -5.998191242698378556e-01 1.731786782444331707e-01 -4.464148473482850155e-01 4.064539301119513004e-01 3.712792726279071087e-01
-9.354345359363666623e-02 -2.158348103450994371e-01 1.421182732457582087e-01 -1.421299287183945895e-03 -5.604890726852770344e-01 3.598058107612499001e-01 3.288320852909175640e-01 1.944528927388682049e-01 -1.816487316546096242e-01 5.494710016651211948e-01
3.513317300405949806e-01 -4.398522708730738806e-01 -1.902367460213457984e-01 -4.725032479763380810e-01 4.150817090153430255e-01 -6.611334800757988350e-02 4.107496012522860451e-01 2.002312226397089945e-01 1.435849306347608267e-01 1.325082891427557807e-01
