4.569742477884029541e-01 3.701282479365098355e-01 1.388203256911336170e-01 -9.890726295106508359e-02 6.320202221978420409e-01 1.236237261892717126e-01 -1.366518953588876095e-01 -3.614675938981933290e-01 -2.460959522492666418e-01 2.230965815695916746e-02
4.924987094592629400e-01 -3.483553891096302091e-01 -3.558878151777056242e-01 3.272401212326468412e-01 1.530374016447031693e-01 3.057728130204335204e-01 -1.710464133941979048e-01 4.873444440140561329e-01 -2.801157147693726646e-02 -1.337449806734169189e-01
-1.447557354214902003e-01 -2.189577890548864703e-01 3.550620828001996854e-01 4.664358784033256211e-01 -9.497973395134921837e-02 -8.036438446905963540e-02 -5.569685694692337874e-01 -2.945071572251213854e-01 -1.626768641058850273e-01 -3.854607023668818466e-01
7.998597281006102067e-02 -2.371336028857810030e-01 5.030331746462991110e-02 2.562331010128411357e-01 1.488733038263847508e-01 -5.763093873178760651e-01 -7.694546942937555145e-02 7.750871371106028695e-02 -1.993165665011424059e-01 6.806122262947449375e-01
-3.528296215496119492e-01 2.879003626349660710e-03 1.382310809676706997e-01 -2.991123430378171411e-01 4.396861949067278896e-01 -1.181540150619200943e-03 -5.109488261833010636e-01 3.842558797321121711e-01 4.010419806298259893e-01 6.360537437388640025e-02
-1.800388190800504898e-02 -4.910634884008798773e-01 3.821910538728400253e-01 -1.862826555754427960e-01 3.640929394013682208e-01 -1.930042469850940523e-01 4.793841640466983689e-01 1.357362117509142707e-01 -1.428264872108229167e-01 -3.732480032400646852e-01
3.903959389793680290e-01 -4.590264232038613335e-01 -1.192419441226591353e-01 -3.933253151871380360e-01 -1.459856151089822807e-01 -1.427752264476597199e-01 -1.875106924803302821e-01 -4.452670639002668240e-01 4.386787298770709609e-01 2.009222940759989792e-02
-7.581167415217632266e-02 -1.298790232134165168e-01 -1.995435395888973673e-01 -5.482293646487576000e-01 -1.871489177253997382e-01 -5.268140234907872817e-03 -3.140559236683366784e-01 1.090673209979769187e-01 -7.003032844423571213e-01 -3.173333149233979050e-02
1.810647942301176969e-02 -2.581043897034948631e-01 5.200800303346297948e-01 -5.283946161699451527e-02 -1.538218267339037104e-01 6.486313861579862117e-01 2.373496713962896382e-02 -1.510012474245420178e-02 -5.850920454326779402e-02 4.595438105602332457e-01
4.878221540093906072e-01 3.195863135298435131e-01 4.855676441074652794e-01 -1.330103590499810973e-01 -3.742462983910449514e-01 -2.724738296598369081e-01 -1.034513409768273162e-01 4.032755290513541646e-01 7.028625336944716029e-02 -1.176888789996771850e-01
