4.648610735648558978e-02 1.485823295576408354e-01 2.973025336542020058e-01 4.971811325659212244e-01 1.142114543936025711e-01 -3.863542916737412458e-01 -4.953825374907961931e-01 1.774685394988768372e-01 4.478805796354166091e-01 -1.935480515697890480e-02
2.815462210066588811e-01 -1.484849917499618810e-01 -4.102529046921143951e-02 9.469898614415042659e-02 6.748520835757091385e-01 -2.750604388793355670e-01 9.108883327890074377e-03 -5.388836808255201838e-01 -2.468332987171659998e-01 -7.445877995885674672e-02
-2.359253225247213981e-02 8.613724123432848767e-01 -6.590702600066364325e-02 5.540856037809229612e-02 2.989399453020284980e-01 2.796255361502753001e-02 3.595425762988627705e-01 1.090649965793838300e-01 7.193280096783124730e-03 1.367564945642884000e-01
1.931714931644272493e-01 7.896198346077577812e-02 -1.577263285248216851e-01 9.339265833939332240e-02 1.683376617253745100e-01 2.335614197605132281e-01 -4.761615807732276773e-01 4.831668778719587221e-01 -6.088902038043938481e-01 -9.504802856073449324e-02
7.271354510288094430e-02 -3.187974016649507969e-01 -5.633385235397846413e-01 3.747198621256058182e-01 2.147509241067118435e-01 4.843929015209420125e-02 3.677510156654421047e-01 3.718160304917527692e-01 2.956773627687772077e-01 -1.610536951833083374e-01
2.156924393125624062e-01 -1.343791844999787100e-01 7.861161563026392018e-02 4.362240602789224098e-01 -1.055770503903763896e-01 2.534772618180554105e-01 8.124426841243927166e-02 -1.024847753261390187e-01 -1.037276403230737998e-01 7.973000501692333319e-01
6.580974483394785857e-01 1.975018288536257161e-01 -1.357525022789461168e-02 2.474431236438214832e-01 -5.056598528806123261e-01 -4.845278617674562971e-02 1.545619414302725758e-01 -1.797290390876313815e-01 -8.661655400778454916e-02 -3.804661368235094376e-01
3.687634172789644449e-01 1.114307898466509045e-01 -2.640857418659767197e-01 -3.267389564349400533e-01 1.392577187288696894e-01 4.740396874077587031e-01 -3.731353218316933451e-01 -1.885605856042870399e-01 5.012264867218492181e-01 7.055285355802098923e-02
-1.136642071653265057e-01 1.438830582905024080e-01 -6.793292846007206176e-01 -6.643058709224121394e-02 -2.758600204731813110e-01 -5.021111472879487003e-01 -2.555660899677492104e-01 -1.520380186868733330e-01 -8.450415854080904621e-02 2.769330610893070421e-01
4.968804528933551401e-01 -1.259459990054531964e-01 1.605081824418058967e-01 -4.784818203641383327e-01 7.334798440571606293e-02 -4.170914600151819918e-01 1.680405470897999853e-01 4.393636533799294419e-01 6.017796948256839279e-02 2.798125186524730301e-01
