5.734388197010820143e-01 2.251852375987284383e-01 3.644884490391205878e-01 -5.887486296243386041e-01 -6.252412168124882319e-02 -8.612927748969080588e-02 9.001978769126380009e-02 -3.351373843195284974e-01 6.963797584416528408e-02 6.622051043943057158e-02
-1.502962161641147563e-02 3.838521031059262678e-01 -1.161790813019785047e-02 -1.802663291567150883e-01 -4.719960655216627887e-01 4.733307896716758001e-01 -2.171930945098443921e-01 3.183271578854316441e-01 -4.405312530285654948e-01 -1.743720769906370593e-01
4.230106869881162246e-01 1.303408743831402650e-01 -8.124664489719009008e-01 -4.004621885446889296e-02 2.849300976553061360e-01 1.152212395596590444e-01 1.633591897504951818e-02 -1.283951696761599093e-01 -8.389070522350640380e-02 -1.552960332589875814e-01
-3.008492134819531483e-01 5.144145434667775074e-01 8.364269425765788468e-02 -1.086123883393962930e-01 4.402594566437190160e-01 4.326879706676811654e-01 2.751570787488871045e-02 3.646666514828973693e-02 4.913610567491818459e-01 3.879159641448610973e-02
-5.585040189503449604e-01 9.492484261329428574e-02 -3.367738468125642814e-01 -3.665532412973011578e-01 -3.530470319056406292e-01 -1.550021980172403557e-01 3.324863109656140958e-01 -4.136891315553379855e-01 -2.527887076920538011e-03 3.040574915207461260e-02
3.606162497720163257e-02 -3.616212285512502844e-01 -1.231598824031581441e-01 -4.494200006518230261e-01 -1.089079614971967397e-01 -3.104766590722791639e-02 1.476916597833040079e-01 5.620344896251643352e-01 4.245780114106524339e-01 -3.464043437064424080e-01
1.348973828448702394e-01 3.026090742198541128e-01 -2.044203177210788258e-01 2.079098968950196247e-01 -4.649649697928579517e-01 -2.923202470879733283e-01 -4.294278022766962466e-01 4.243382996392216361e-02 5.254207710985726587e-01 2.032162611354115800e-01
1.486297018446586238e-01 -4.233081803914489072e-01 -5.918950778774971673e-03 1.721845702328160810e-01 -3.195469307819427951e-01 6.683805598850310892e-01 8.295746972987042001e-02 -3.516364985814337540e-01 2.852422690098838087e-01 9.110818396709015332e-02
-8.378425916415116470e-02 2.857387925283802477e-02 1.497923006032615412e-01 1.179509769670670227e-01 1.749665808496842249e-03 -7.815458436042629908e-02 -2.878692343350290339e-01 -3.732336976217603963e-01 9.733315266271347355e-02 -8.473821646352669434e-01
2.023824739023430963e-01 3.301195737873173774e-01 8.408299229942842179e-02 4.293630759979408240e-01 -2.085378200088456868e-01 -6.901752970728733394e-02 7.329261712578969412e-01 1.294677632663151501e-01 7.370664547619268370e-02 -2.258606097285983383e-01
