Mahalanobis correlated with human judgements 
Furniture: (-0.11016700960611761, 0.1302450813391014)
Clothing: (0.11088617525957992, 0.02546333500807716)
Birds: (-0.013668289018578398, 0.7762051728452137)
Vegetables: (0.06739028273992151, 0.35557387789080513)
Sports: (0.050462565665984706, 0.3278376774128676)
Vehicles: (-0.0746562398786291, 0.25843449320844974)
Fruit: (0.04119682533423601, 0.5527211456318635)
Professions: (0.003151630910948467, 0.9513019298048428)
Overall correlation: (0.033811516844548306, 0.09646570764085989)

Baseline correlated with human judgements 
Furniture: (0.4800525262265647, 2.4093979762273186e-12)
Clothing: (0.361761627515128, 5.347995610896827e-14)
Birds: (0.19482776007868696, 4.294596328596868e-05)
Vegetables: (0.2965550452569683, 3.2585689727501886e-05)
Sports: (0.3923192629297659, 2.334554964525807e-15)
Vehicles: (0.5900543231036917, 4.6348591052726246e-23)
Fruit: (0.3670597465775209, 4.25471961673429e-08)
Professions: (0.5334850125620811, 3.4560423503254424e-29)
Overall correlation: (0.34356347580724955, 5.994141648599247e-68)
